-,-,-
267.578125, -111.083984, 821.289062
413.085938, -141.357422, 760.253906
401.367188, -421.142578, 377.929688
413.574219, -339.111328, 159.667969
263.183594, -319.580078, 247.070312
-62.255859, -307.373047, 1373.535156
-152.587891, -438.232422, 1638.183594
165.527344, -25.146484, 1999.755859
544.433594, 124.023438, 1999.755859
513.671875, 48.339844, 1915.039062
560.058594, 40.039062, 1748.046875
499.023438, -90.576172, 1620.117188
82.519531, -402.099609, 827.636719
-240.966797, -610.595703, 374.023438
-551.513672, -628.662109, -686.279297
-,-,-
228.515625, -67.626953, 701.660156
221.679688, -319.091797, 579.101562
342.773438, -338.134766, 466.308594
420.410156, -248.779297, 523.437500
134.765625, -318.115234, 652.343750
-156.982422, -356.689453, 852.050781
-343.017578, -226.318359, 1585.449219
-92.529297, -86.181641, 1999.755859
181.640625, -29.052734, 1999.755859
415.039062, 238.769531, 1999.755859
424.804688, 21.484375, 1721.679688
300.781250, -101.806641, 1460.449219
-45.654297, -412.841797, 1095.703125
-463.623047, -678.466797, 483.398438
-,-,-
-17.822266, -67.626953, 778.808594
280.761719, -273.681641, 691.406250
235.351562, -624.267578, 416.992188
322.265625, -287.353516, 295.898438
82.519531, -209.716797, 409.179688
-266.845703, -184.814453, 1166.503906
-70.068359, 320.800781, 1806.640625
-21.728516, -18.798828, 1999.755859
207.519531, 92.773438, 1999.755859
368.652344, 137.207031, 1978.027344
249.511719, -62.255859, 1580.566406
56.640625, -96.435547, 1164.062500
-391.845703, -637.451172, 679.199219
-446.044922, -483.154297, 318.847656
-,-,-
4.394531, -59.326172, 909.667969
51.269531, -124.755859, 1042.968750
61.035156, -45.654297, 990.234375
129.882812, -88.623047, 948.242188
206.054688, -99.853516, 868.164062
373.046875, -119.384766, 593.261719
366.210938, -403.076172, 461.914062
435.546875, -427.490234, 125.488281
355.468750, -217.041016, 223.632812
86.914062, -332.275391, 1269.531250
-146.240234, -283.447266, 1876.953125
-67.138672, -145.263672, 1999.755859
298.339844, 107.421875, 1905.273438
602.539062, 123.046875, 1999.755859
586.914062, 142.578125, 1634.277344
294.921875, -104.248047, 1248.535156
-486.083984, -517.822266, 220.703125
-836.181641, -720.947266, -160.888672
-286.376953, -167.236328, 228.027344
-,-,-
50.781250, -162.841797, 784.179688
166.992188, -11.474609, 690.429688
179.199219, -337.158203, 508.789062
303.222656, -333.251953, 422.851562
333.496094, -318.603516, 520.019531
-20.263672, -324.951172, 847.656250
-158.935547, -39.794922, 1121.093750
-119.873047, -205.322266, 1779.296875
283.691406, 116.210938, 1923.828125
676.269531, 123.535156, 1999.755859
1003.906250, 364.257812, 1824.218750
1015.136719, 209.960938, 1958.007812
55.175781, -374.755859, 1378.417969
-961.181641, -967.041016, 120.117188
-1084.228516, -652.099609, -412.353516
-321.533203, -150.634766, 191.406250
-24.658203, -285.400391, 902.343750
301.757812, 132.324219, 1167.480469
-,-,-
351.074219, -239.501953, 552.734375
534.667969, -306.396484, 391.113281
573.730469, -363.037109, 541.503906
141.601562, -504.638672, 635.742188
-204.345703, -217.041016, 846.679688
-189.697266, -125.732422, 1426.269531
-193.603516, -70.556641, 1999.755859
208.984375, -54.443359, 1999.755859
584.960938, 236.816406, 1695.312500
729.492188, 2.441406, 1802.734375
419.921875, -222.900391, 1600.097656
-100.830078, -457.275391, 964.355469
-546.142578, -568.115234, 285.644531
-508.056641, -304.931641, 6.835938
-447.021484, -303.955078, 369.628906
-6.103516, -56.396484, 686.523438
-23.681641, -123.779297, 1046.875000
-18.310547, -22.705078, 1016.113281
-,-,-
154.785156, -363.037109, 307.617188
233.886719, -366.943359, 220.703125
317.382812, -378.173828, 866.699219
214.843750, -238.525391, 1585.449219
69.335938, -120.361328, 1880.859375
69.335938, 117.187500, 1877.929688
153.808594, -30.029297, 1721.191406
482.910156, 96.679688, 1385.742188
645.996094, 73.242188, 1280.273438
804.199219, 152.832031, 1499.023438
502.441406, -90.576172, 1355.468750
-55.419922, -372.802734, 947.265625
-558.837891, -481.201172, 421.386719
-922.119141, -570.556641, -206.298828
-440.673828, -87.646484, 530.273438
-,-,-
170.898438, -319.580078, 428.710938
273.925781, -488.525391, 322.265625
464.355469, -265.380859, 708.007812
341.308594, -381.591797, 1278.808594
280.761719, -15.869141, 1196.777344
2.929688, -254.150391, 1894.042969
-129.638672, -16.845703, 1925.292969
-13.916016, -109.130859, 1605.468750
298.828125, 102.539062, 1165.527344
520.507812, 35.156250, 1248.535156
696.289062, 69.824219, 1309.570312
306.640625, -217.529297, 1311.523438
173.339844, -115.966797, 1093.750000
-487.060547, -502.685547, 700.683594
-677.490234, -359.619141, 198.242188
-439.697266, -117.431641, 348.632812
-219.970703, -49.560547, 416.503906
60.058594, -184.814453, 967.285156
-22.216797, -90.576172, 980.468750
-,-,-
220.214844, -100.830078, 595.214844
359.863281, -353.759766, 366.699219
163.085938, -494.873047, 522.949219
68.359375, -502.197266, 1330.078125
-37.353516, -223.876953, 1303.710938
33.203125, -16.845703, 1912.109375
-4.638672, -34.423828, 1773.925781
217.773438, 180.664062, 1576.171875
319.335938, 137.695312, 1449.218750
450.195312, 36.621094, 1505.371094
383.789062, -75.927734, 1450.683594
279.296875, -101.806641, 1196.777344
-244.384766, -511.962891, 971.679688
-570.068359, -510.986328, 392.578125
-607.177734, -428.466797, 252.441406
-239.990234, -126.708984, 390.625000
-5.126953, -122.802734, 828.613281
-,-,-
234.375000, -416.748047, 354.492188
554.199219, -316.162109, 483.398438
332.031250, -428.955078, 895.507812
165.039062, -245.849609, 1398.925781
-153.076172, -15.380859, 1709.472656
-319.091797, -148.681641, 1827.636719
21.972656, 90.820312, 1631.835938
190.917969, 110.351562, 1566.406250
522.460938, 281.250000, 1437.500000
531.738281, 94.726562, 1607.421875
299.316406, -129.638672, 1312.500000
-147.216797, -369.873047, 1032.714844
-609.619141, -612.060547, 506.835938
-462.646484, -210.693359, 111.328125
-288.818359, -254.150391, 484.375000
-94.970703, -110.107422, 805.175781
-16.357422, -51.025391, 1042.968750
-,-,-
362.792969, -308.349609, 428.710938
511.718750, -665.771484, 591.796875
482.421875, -446.044922, 673.339844
210.449219, -421.142578, 916.992188
-196.044922, -189.697266, 1369.140625
-169.189453, -101.806641, 1888.183594
-7.080078, 229.492188, 1993.652344
81.542969, -51.025391, 1677.734375
327.636719, 1.464844, 1401.855469
460.449219, -45.654297, 1338.867188
498.046875, -58.349609, 1468.750000
231.933594, -157.958984, 1284.179688
-357.177734, -515.380859, 798.339844
-581.787109, -516.357422, 233.886719
-574.951172, -291.748047, -33.935547
-97.900391, 4.394531, 498.535156
-,-,-
248.046875, -298.583984, 531.250000
461.914062, -433.349609, 405.273438
236.328125, -601.318359, 760.742188
224.121094, -237.548828, 969.726562
159.179688, -134.521484, 1460.449219
208.984375, 43.945312, 1771.972656
118.652344, -165.771484, 1764.160156
176.757812, -10.498047, 1613.281250
317.382812, 26.367188, 1436.523438
470.703125, 20.019531, 1374.511719
563.476562, -79.833984, 1463.378906
496.582031, -77.880859, 1206.054688
90.820312, -224.365234, 878.417969
-339.111328, -524.169922, 618.652344
-615.478516, -498.779297, 330.078125
-492.919922, -323.974609, 236.328125
-,-,-
306.640625, -377.197266, 586.914062
507.812500, -585.693359, 680.664062
338.378906, -439.697266, 695.312500
121.093750, -376.708984, 915.039062
-61.279297, -95.458984, 1262.695312
-110.107422, -224.853516, 1677.246094
101.074219, 166.015625, 1752.929688
100.097656, -74.462891, 1654.785156
206.542969, -3.662109, 1495.117188
299.316406, 26.367188, 1396.972656
320.800781, -72.998047, 1467.773438
402.832031, -81.298828, 1378.906250
-59.814453, -423.095703, 997.070312
-366.943359, -517.333984, 397.460938
-570.068359, -402.587891, 95.703125
-343.017578, -207.763672, 300.781250
-50.537109, -163.818359, 681.152344
-,-,-
88.378906, -277.099609, 443.847656
198.730469, -506.103516, 613.281250
245.605469, -393.310547, 519.042969
102.050781, -422.119141, 836.914062
118.652344, 9.765625, 1092.285156
69.824219, -73.974609, 1705.078125
136.230469, 63.476562, 1959.960938
288.085938, -80.810547, 1999.755859
380.371094, -127.685547, 1649.414062
645.996094, 3.906250, 1380.859375
612.304688, 108.398438, 1249.023438
267.089844, -81.298828, 1044.921875
-432.373047, -617.919922, 692.382812
-546.630859, -558.349609, 503.906250
-601.806641, -397.216797, 185.546875
-213.623047, -110.107422, 545.410156
-,-,-
136.230469, -415.771484, 577.148438
247.070312, -458.740234, 449.218750
114.257812, -312.255859, 258.300781
-76.904297, -307.373047, 792.968750
-16.845703, -66.162109, 1260.742188
-11.962891, 0.488281, 1623.046875
41.503906, 48.339844, 1824.707031
126.953125, -67.626953, 1749.023438
213.867188, -48.095703, 1670.410156
287.109375, -176.025391, 1559.082031
320.312500, -72.021484, 1451.660156
185.546875, -190.185547, 1256.347656
-147.216797, -305.419922, 644.531250
-468.505859, -482.177734, 485.351562
-657.470703, -376.708984, 36.132812
-389.404297, -181.396484, 473.632812
-179.443359, -113.037109, 669.921875
-38.818359, -39.794922, 952.148438
-,-,-
115.234375, -405.517578, 645.996094
347.656250, -411.865234, 489.257812
215.332031, -311.279297, 683.105469
159.179688, -233.642578, 1027.343750
-32.958984, -175.537109, 1535.644531
203.125000, -45.654297, 1901.367188
159.179688, -32.470703, 1742.675781
234.863281, -93.505859, 1683.593750
309.082031, -105.224609, 1460.449219
503.906250, 88.867188, 1469.238281
389.648438, -152.587891, 1429.199219
74.707031, -228.271484, 926.757812
-190.673828, -303.466797, 751.953125
-440.673828, -364.013672, 166.992188
-425.537109, -291.748047, 405.761719
-253.662109, -246.826172, 636.718750
8.789062, -16.357422, 943.359375
-,-,-
72.753906, -319.091797, 477.539062
353.515625, -311.279297, 484.863281
258.789062, -368.896484, 754.394531
140.625000, -431.884766, 1424.804688
135.742188, -1.220703, 1610.839844
89.355469, -200.439453, 1735.839844
205.078125, -38.818359, 1467.773438
315.917969, -44.677734, 1487.304688
411.621094, 59.570312, 1542.968750
561.523438, -16.845703, 1762.695312
565.917969, 50.292969, 1692.382812
408.203125, -33.447266, 1221.191406
-163.330078, -427.978516, 615.234375
-386.962891, -408.447266, 258.300781
-669.189453, -487.060547, -28.076172
-,-,-
177.734375, -359.130859, 520.507812
264.648438, -379.638672, 262.695312
10.253906, -523.681641, 804.199219
2.441406, -119.384766, 1387.695312
-46.630859, -234.619141, 1666.503906
80.078125, -45.654297, 1874.511719
253.906250, 104.492188, 1761.718750
265.625000, -98.876953, 1487.304688
506.347656, 105.468750, 1233.398438
529.785156, -119.873047, 1410.156250
508.789062, 24.414062, 1434.082031
34.179688, -291.259766, 1286.132812
-321.533203, -328.857422, 683.105469
-617.919922, -423.583984, 175.781250
-769.775391, -487.060547, -90.576172
-343.505859, -252.685547, 524.414062
-,-,-
473.144531, -346.435547, 579.101562
458.007812, -538.818359, 611.328125
361.328125, -335.205078, 916.015625
-25.146484, -256.591797, 1437.500000
-59.326172, 46.386719, 1592.773438
-133.056641, -91.552734, 1750.976562
-15.380859, -104.248047, 1872.558594
203.613281, 18.554688, 1660.156250
349.609375, -42.724609, 1437.011719
549.316406, -38.818359, 1506.347656
363.769531, -114.990234, 1286.132812
91.308594, -313.720703, 1122.558594
-314.208984, -386.962891, 542.480469
-338.134766, -201.416016, 198.242188
-387.451172, -210.693359, 177.734375
-212.158203, -219.970703, 708.007812
-,-,-
258.789062, -360.107422, 560.058594
414.062500, -453.369141, 540.527344
202.148438, -499.755859, 762.207031
137.207031, -281.005859, 1168.457031
151.367188, -67.626953, 1676.757812
144.531250, -37.353516, 1746.093750
250.488281, 409.667969, 1383.789062
273.925781, -66.162109, 1456.054688
213.378906, -23.193359, 1087.402344
199.218750, -118.408203, 1159.179688
341.308594, -39.794922, 1392.578125
371.093750, -57.373047, 1517.578125
360.839844, -31.982422, 1419.921875
142.089844, -205.810547, 996.093750
-293.701172, -425.537109, 428.710938
-537.353516, -407.470703, -3.173828
-,-,-
205.566406, -180.908203, 389.648438
248.046875, -342.529297, 450.195312
268.554688, -439.208984, 658.203125
111.816406, -410.400391, 1289.062500
104.492188, -223.876953, 1519.531250
159.179688, 26.855469, 1889.648438
208.007812, -63.232422, 1813.964844
375.488281, -56.396484, 1679.687500
415.527344, -102.294922, 1369.140625
554.199219, -37.841797, 1338.867188
520.996094, -62.744141, 1319.824219
229.492188, -158.447266, 1174.316406
-163.818359, -348.388672, 737.304688
-532.958984, -364.990234, 199.218750
-539.794922, -306.396484, 123.046875
-335.205078, -204.345703, 402.343750
-,-,-
207.031250, -100.830078, 398.437500
338.378906, -211.669922, 635.742188
293.945312, -420.166016, 663.085938
215.820312, -257.080078, 884.277344
34.667969, -322.509766, 1105.468750
115.234375, 113.281250, 1571.289062
94.726562, -95.458984, 1833.984375
217.285156, 150.878906, 1646.484375
201.171875, -70.556641, 1561.523438
289.062500, 50.292969, 1364.257812
319.335938, -49.560547, 1446.289062
379.394531, 62.011719, 1512.695312
229.492188, -147.216797, 1375.488281
-106.201172, -345.458984, 884.277344
-197.509766, -253.173828, 461.914062
-564.208984, -387.939453, 66.406250
-242.919922, -210.693359, 345.703125
-91.552734, -70.556641, 642.578125
-,-,-
255.371094, -126.708984, 511.718750
205.566406, -324.951172, 715.820312
264.160156, -317.626953, 511.718750
177.246094, -385.986328, 809.570312
14.648438, -234.130859, 1172.363281
36.621094, -136.474609, 1241.210938
20.507812, -166.259766, 1587.402344
255.371094, 55.664062, 1764.160156
251.953125, -106.689453, 1909.179688
310.058594, 17.089844, 1679.199219
312.500000, -183.837891, 1610.839844
379.882812, -34.423828, 1420.898438
293.945312, -68.115234, 1103.515625
-29.052734, -380.615234, 814.453125
-188.232422, -284.423828, 521.484375
-442.626953, -391.845703, 245.117188
-259.521484, -233.642578, 426.757812
-94.482422, -116.943359, 554.687500
-,-,-
251.953125, -249.755859, 524.414062
265.625000, -325.927734, 628.906250
331.542969, -411.865234, 547.851562
55.175781, -342.529297, 691.894531
13.671875, -268.798828, 1236.816406
35.644531, 29.785156, 1775.390625
181.640625, 130.859375, 1678.710938
221.191406, 31.738281, 1768.066406
405.761719, 150.878906, 1478.027344
478.027344, 62.500000, 1440.429688
564.941406, 32.714844, 1545.898438
374.023438, -46.142578, 1396.972656
-119.384766, -358.154297, 950.195312
-293.212891, -384.521484, 739.257812
-724.365234, -487.060547, -14.404297
-472.900391, -275.634766, 395.507812
-167.236328, -106.201172, 593.261719
-,-,-
343.750000, -174.560547, 418.945312
298.339844, -560.302734, 485.351562
373.046875, -421.142578, 591.796875
191.894531, -340.576172, 811.523438
54.199219, -234.619141, 1439.453125
18.066406, -87.158203, 1735.351562
169.433594, 31.738281, 1787.109375
207.031250, 62.500000, 1630.859375
309.082031, 156.738281, 1391.601562
359.375000, -76.904297, 1316.406250
608.398438, 80.078125, 1391.601562
557.617188, -58.349609, 1367.187500
316.894531, -171.630859, 1320.800781
-69.091797, -283.447266, 827.636719
-361.083984, -376.708984, 566.406250
-436.767578, -255.126953, 311.035156
-309.814453, -167.724609, 442.871094
3.417969, -40.771484, 754.394531
-20.263672, 78.125000, 802.246094
-,-,-
298.339844, -11.474609, 449.218750
113.769531, -363.037109, 714.843750
161.621094, -299.560547, 728.027344
148.925781, -322.998047, 704.101562
51.269531, -437.744141, 1094.238281
-31.494141, -296.630859, 1160.156250
39.062500, -34.423828, 1547.851562
65.917969, -31.494141, 1653.320312
108.398438, -117.919922, 1688.964844
257.324219, 32.226562, 1478.027344
303.710938, -50.537109, 1352.050781
410.156250, -48.583984, 1383.789062
524.902344, -52.978516, 1419.921875
408.691406, -28.076172, 1271.972656
112.304688, -195.068359, 991.699219
-203.369141, -231.201172, 475.585938
-466.552734, -399.169922, 349.609375
-467.529297, -251.220703, 264.648438
-54.443359, -33.935547, 626.464844
-,-,-
305.175781, -109.130859, 572.753906
326.171875, -324.462891, 537.109375
358.886719, -379.638672, 682.128906
357.910156, -463.623047, 918.945312
164.062500, -340.576172, 1163.085938
199.218750, -86.669922, 1279.296875
109.375000, 235.839844, 1465.820312
-32.958984, -181.396484, 1634.277344
167.968750, 93.750000, 1451.171875
321.289062, -11.474609, 1447.265625
367.675781, -11.962891, 1525.390625
491.210938, 30.273438, 1441.406250
263.183594, -144.287109, 1269.042969
231.933594, -145.263672, 1028.320312
-297.119141, -438.232422, 777.832031
-301.513672, -272.705078, 438.476562
-263.916016, -146.240234, 409.179688
-229.248047, -271.728516, 641.601562
89.355469, -67.626953, 897.460938
-25.146484, -108.154297, 907.714844
-,-,-
329.101562, -250.732422, 566.406250
229.492188, -531.005859, 702.636719
310.058594, -318.115234, 519.042969
165.527344, -254.150391, 972.656250
-28.076172, -68.603516, 1498.046875
-161.376953, -195.068359, 1461.425781
-26.611328, -1.220703, 1617.187500
90.332031, -81.787109, 1640.625000
273.925781, 149.902344, 1436.523438
331.054688, -73.974609, 1532.714844
451.171875, -13.427734, 1468.750000
417.968750, -88.623047, 1382.812500
187.988281, -154.541016, 1150.390625
-82.275391, -215.576172, 748.046875
-407.470703, -296.630859, 423.828125
-465.576172, -344.482422, 309.570312
-280.029297, -181.396484, 493.652344
30.761719, -76.904297, 779.785156
-,-,-
337.890625, -128.662109, 516.113281
284.667969, -477.294922, 520.507812
412.597656, -386.474609, 472.656250
59.082031, -426.513672, 740.234375
-61.767578, -321.533203, 1143.066406
-91.064453, 54.687500, 1334.960938
-1.220703, -59.326172, 1815.917969
160.644531, 162.109375, 1816.894531
271.484375, 48.339844, 1691.406250
142.089844, -14.404297, 1540.039062
336.914062, 36.132812, 1359.863281
356.933594, -120.361328, 1482.910156
283.691406, -88.623047, 1153.320312
28.320312, -271.728516, 931.152344
-416.748047, -494.873047, 473.144531
-412.353516, -218.017578, 249.023438
-295.166016, -135.986328, 410.156250
-196.044922, -218.994141, 661.132812
-,-,-
258.789062, -250.732422, 700.683594
186.523438, -585.693359, 583.007812
237.304688, -438.720703, 683.105469
-29.052734, -393.310547, 864.257812
215.332031, -6.591797, 1342.773438
177.246094, 194.335938, 1726.562500
94.238281, -133.056641, 1950.195312
178.222656, -72.021484, 1716.796875
258.789062, -72.021484, 1269.531250
318.359375, -97.900391, 1109.375000
501.464844, -87.646484, 1236.328125
524.902344, -15.869141, 1240.234375
303.222656, -81.787109, 1297.363281
-21.728516, -208.740234, 864.257812
-389.404297, -257.080078, 565.917969
-512.939453, -255.615234, 340.332031
-293.212891, -237.060547, 496.582031
-,-,-
343.750000, -304.931641, 522.460938
391.113281, -407.958984, 714.843750
348.144531, -477.783203, 788.085938
225.097656, -244.873047, 1224.121094
205.078125, -37.841797, 1479.003906
-106.689453, 3.417969, 1755.859375
-161.865234, -160.888672, 1759.765625
101.074219, 79.101562, 1446.289062
300.781250, 65.917969, 1386.718750
440.917969, 23.437500, 1338.867188
558.593750, -22.705078, 1620.117188
230.468750, -198.486328, 1223.632812
-44.189453, -283.935547, 863.281250
-303.955078, -336.181641, 354.492188
-571.044922, -432.373047, 376.953125
-218.505859, -215.087891, 517.089844
100.097656, -46.630859, 778.808594
-,-,-
270.507812, -192.138672, 480.468750
289.550781, -362.060547, 579.101562
460.937500, -259.521484, 599.121094
223.632812, -280.029297, 941.406250
189.941406, -205.322266, 1342.773438
-0.244141, 20.019531, 1778.320312
56.640625, -63.720703, 1741.699219
145.507812, -30.029297, 1530.761719
261.230469, 69.335938, 1362.304688
325.195312, -59.326172, 1283.203125
563.476562, 86.425781, 1332.031250
571.289062, -25.146484, 1441.406250
229.492188, -126.708984, 1101.562500
-28.076172, -190.185547, 805.175781
-439.208984, -609.619141, 480.468750
-611.083984, -460.693359, 359.375000
-162.353516, 6.347656, 356.445312
-,-,-
415.527344, -142.333984, 430.664062
418.945312, -554.443359, 519.042969
366.210938, -504.150391, 477.539062
249.511719, -244.873047, 818.359375
-139.892578, 71.289062, 1540.039062
-274.169922, -157.958984, 1999.755859
-60.302734, -36.376953, 1910.156250
159.667969, 53.222656, 1606.933594
271.972656, -50.048828, 1336.914062
527.343750, 89.843750, 1297.363281
591.308594, 8.789062, 1524.414062
137.207031, -193.115234, 1224.121094
-197.998047, -281.982422, 750.000000
-439.208984, -245.849609, 274.414062
-340.087891, -328.857422, 359.375000
-300.537109, -284.423828, 427.734375
-145.751953, -271.728516, 878.906250
-44.189453, -148.193359, 846.679688
-,-,-
319.335938, -216.064453, 457.031250
299.804688, -366.943359, 430.664062
320.312500, -431.396484, 709.960938
191.406250, -263.427734, 911.132812
266.601562, -91.552734, 1497.070312
123.535156, 154.296875, 1654.785156
72.265625, -109.130859, 1807.617188
-15.380859, 495.117188, 1833.984375
122.070312, -50.048828, 1588.378906
270.019531, -49.072266, 1266.601562
551.757812, 32.226562, 1356.445312
584.472656, -27.587891, 1399.902344
210.937500, -247.802734, 1258.789062
-40.771484, -183.349609, 796.875000
-545.654297, -437.255859, 339.355469
-376.220703, -180.419922, 331.054688
-364.501953, -121.826172, 433.593750
-134.033203, -61.279297, 680.175781
-,-,-
195.312500, -171.630859, 618.652344
342.773438, -425.048828, 699.707031
315.917969, -328.857422, 716.796875
255.371094, -270.751953, 999.023438
21.484375, -135.986328, 1093.261719
166.503906, 246.093750, 1436.523438
-53.955078, 104.980469, 1516.601562
61.035156, 51.269531, 1516.601562
126.953125, -13.427734, 1398.437500
172.363281, -65.185547, 1172.851562
305.175781, -15.869141, 1263.671875
472.656250, 5.859375, 1420.898438
479.003906, -61.279297, 1645.507812
360.351562, -106.201172, 1380.859375
86.914062, -192.138672, 1039.550781
-162.353516, -371.337891, 327.148438
-,-,-
265.625000, -260.498047, 549.804688
444.335938, -328.857422, 594.238281
343.261719, -455.322266, 683.593750
255.371094, -494.384766, 1259.765625
-53.955078, -146.240234, 1200.683594
21.484375, 19.042969, 1561.523438
-62.744141, 40.039062, 1750.976562
192.382812, 130.371094, 1760.742188
405.761719, 125.976562, 1359.375000
662.597656, 93.750000, 1491.210938
674.316406, 65.917969, 1496.093750
314.941406, -113.525391, 1348.144531
-203.369141, -440.673828, 926.757812
-492.919922, -418.701172, 366.699219
-447.998047, -201.416016, 290.039062
-333.740234, -215.576172, 362.792969
-29.541016, -95.458984, 780.273438
-,-,-
341.308594, -181.396484, 480.468750
306.640625, -391.845703, 574.218750
288.085938, -429.443359, 510.742188
243.164062, -208.740234, 1013.183594
159.179688, -183.349609, 1260.742188
123.046875, 92.773438, 1855.468750
-9.521484, -101.806641, 1741.699219
169.921875, 187.500000, 1324.707031
125.976562, -23.193359, 1184.570312
323.242188, 52.246094, 1362.304688
587.890625, 33.691406, 1729.980469
517.089844, -12.939453, 1612.304688
36.621094, -384.521484, 1162.597656
-248.779297, -309.814453, 511.718750
-226.318359, -68.603516, 208.496094
-434.326172, -233.154297, 65.429688
-186.767578, -239.990234, 669.433594
-,-,-
369.140625, -305.908203, 704.589844
586.425781, -366.943359, 586.914062
275.390625, -554.443359, 645.019531
-21.240234, -432.373047, 1140.136719
-149.169922, -35.888672, 1571.289062
-218.505859, -23.681641, 1907.226562
40.527344, 70.312500, 1732.421875
294.921875, 286.621094, 1552.246094
588.867188, 342.773438, 1242.675781
593.750000, 157.226562, 1268.554688
660.644531, 43.945312, 1372.558594
516.113281, -81.298828, 1349.121094
308.105469, -100.830078, 1181.640625
-252.685547, -534.912109, 736.328125
-501.220703, -475.830078, 280.273438
-438.232422, -191.162109, 190.429688
-203.369141, -108.154297, 603.515625
-,-,-
402.343750, -222.412109, 355.468750
338.378906, -444.091797, 645.996094
393.554688, -319.580078, 762.695312
40.527344, -158.935547, 1136.718750
5.371094, 44.921875, 1630.859375
-16.845703, 17.089844, 1824.218750
53.222656, 79.101562, 1712.402344
165.527344, 247.070312, 1595.703125
176.269531, 100.097656, 1277.832031
251.464844, -98.388672, 1216.308594
511.230469, 54.687500, 1454.589844
549.316406, 21.484375, 1524.414062
198.730469, -188.720703, 1265.136719
-316.162109, -456.787109, 739.257812
-361.083984, -229.248047, 272.460938
-317.138672, -192.138672, 210.937500
-207.763672, -171.142578, 528.320312
-,-,-
423.339844, -447.021484, 614.257812
361.328125, -427.490234, 887.207031
191.894531, -341.552734, 1525.390625
28.808594, 123.535156, 1527.343750
-93.505859, 14.160156, 1571.289062
-55.419922, -13.916016, 1483.398438
30.761719, -39.306641, 1258.789062
234.375000, 36.621094, 1426.269531
528.808594, 111.328125, 1892.089844
575.195312, -107.177734, 1999.755859
152.343750, -271.728516, 1298.339844
-283.935547, -350.830078, 265.625000
-366.943359, -487.060547, -275.146484
-325.439453, -250.732422, 187.500000
-141.357422, -211.669922, 690.429688
-,-,-
252.929688, -299.560547, 201.660156
539.062500, -442.626953, 412.109375
410.644531, -560.302734, 386.230469
271.972656, -237.548828, 619.140625
26.855469, -169.189453, 1383.789062
34.179688, -126.708984, 1999.755859
454.589844, 87.402344, 1999.755859
579.589844, 99.121094, 1999.755859
330.078125, -148.193359, 1513.671875
3.417969, -204.345703, 891.113281
-292.236328, -269.775391, 482.421875
-739.013672, -502.685547, 37.109375
-457.763672, -277.099609, 166.015625
-,-,-
280.761719, -452.880859, 392.578125
201.171875, -410.888672, 587.890625
-68.603516, -453.369141, 1573.730469
-1.708984, -139.404297, 1818.847656
244.628906, -6.103516, 1999.755859
540.527344, 195.312500, 1999.755859
563.964844, 161.132812, 1689.941406
475.585938, -31.494141, 1379.882812
131.835938, -190.185547, 1106.445312
-206.298828, -347.412109, 851.562500
-587.646484, -546.630859, 383.300781
-347.412109, -244.873047, 343.750000
-,-,-
343.750000, -291.748047, 535.156250
339.355469, -331.298828, 581.542969
88.378906, -331.298828, 764.160156
84.960938, -192.138672, 1382.812500
66.406250, -15.869141, 1878.906250
246.582031, 197.753906, 1975.097656
264.648438, 32.714844, 1951.171875
391.113281, 26.367188, 1603.515625
301.269531, -109.130859, 1577.148438
145.019531, -118.408203, 1340.820312
-111.572266, -324.951172, 878.906250
-447.509766, -374.267578, 154.785156
-,-,-
229.492188, -231.201172, 472.656250
159.179688, -515.380859, 579.101562
234.375000, -231.201172, 1104.492188
259.277344, -82.275391, 1491.210938
244.628906, 54.687500, 1868.652344
272.949219, -16.845703, 1874.511719
594.726562, 279.296875, 1724.609375
443.359375, 56.640625, 1696.289062
316.406250, -44.677734, 1475.585938
65.917969, -181.884766, 1277.343750
-349.853516, -403.564453, 611.328125
-337.158203, -361.083984, 573.730469
-446.533203, -353.759766, -25.634766
-90.087891, -65.673828, 475.585938
-,-,-
223.632812, -385.498047, 518.066406
265.625000, -398.193359, 605.468750
206.054688, -361.083984, 884.277344
105.468750, 1.953125, 1379.394531
-44.189453, -222.412109, 1595.703125
15.625000, -12.451172, 1706.542969
91.796875, -61.279297, 1794.433594
436.035156, 184.082031, 1515.625000
326.660156, -43.701172, 1443.847656
315.917969, -85.205078, 1457.519531
41.992188, -101.806641, 1369.140625
-345.947266, -498.779297, 1023.437500
-106.689453, -138.427734, 580.566406
-377.685547, -232.177734, 139.648438
-186.767578, -176.513672, 235.839844
-,-,-
309.082031, -239.990234, 531.250000
276.367188, -344.482422, 559.570312
269.531250, -288.330078, 850.585938
156.738281, -218.017578, 1591.308594
281.250000, -57.373047, 1715.332031
221.191406, 117.675781, 1771.972656
228.515625, -10.009766, 1720.703125
269.042969, 68.847656, 1565.429688
218.750000, -62.255859, 1452.636719
146.484375, -65.673828, 1353.027344
198.242188, -36.376953, 1370.117188
97.656250, -172.607422, 1076.171875
-88.623047, -294.677734, 601.562500
-248.779297, -286.376953, 417.480469
-,-,-
469.238281, -304.931641, 400.390625
460.449219, -526.123047, 876.953125
434.082031, -319.091797, 1042.968750
133.789062, -235.595703, 1443.359375
-148.681641, -11.474609, 1627.929688
-202.392578, -87.158203, 1586.914062
9.765625, 19.042969, 1598.632812
177.246094, 80.566406, 1506.347656
383.300781, 117.187500, 1398.925781
409.179688, -22.705078, 1571.289062
343.261719, -146.728516, 1394.042969
-58.349609, -402.587891, 785.156250
-307.373047, -452.880859, 482.421875
-562.744141, -451.904297, 61.523438
-404.052734, -361.083984, 298.828125
-,-,-
231.933594, -455.322266, 332.031250
328.613281, -413.818359, 618.164062
371.582031, -184.814453, 1244.628906
100.585938, -235.595703, 1657.226562
276.855469, -21.240234, 1999.755859
423.339844, 32.226562, 1999.755859
549.316406, 104.003906, 1999.755859
318.359375, -150.146484, 1480.957031
169.433594, -193.115234, 1039.550781
-101.806641, -310.302734, 603.515625
-323.974609, -510.009766, 416.503906
-,-,-
104.492188, -526.123047, 641.601562
126.953125, -459.228516, 736.328125
159.179688, -518.798828, 1481.933594
226.074219, -212.158203, 1591.796875
141.113281, 39.550781, 1669.433594
59.082031, -89.111328, 1541.015625
149.902344, 162.109375, 1468.750000
44.921875, -34.912109, 1478.027344
283.691406, 78.613281, 1587.402344
235.351562, -134.521484, 1697.753906
73.242188, -217.041016, 1431.640625
-144.287109, -310.791016, 738.281250
-247.802734, -343.505859, 337.402344
-100.830078, -195.068359, 215.820312
-,-,-
257.812500, -487.060547, 707.031250
270.507812, -590.087891, 620.605469
217.773438, -914.306641, 1207.031250
260.253906, 71.289062, 1426.269531
132.324219, 88.867188, 1666.503906
38.085938, 214.843750, 1714.355469
-93.505859, -109.130859, 1800.781250
176.757812, 40.039062, 1557.128906
365.234375, 74.218750, 1445.312500
327.636719, -6.591797, 1493.164062
168.457031, -159.912109, 1203.125000
-184.814453, -664.794922, 812.988281
-,-,-
272.460938, -317.626953, 567.382812
291.503906, -549.560547, 760.742188
179.199219, -389.892578, 1431.152344
69.824219, -61.767578, 1607.910156
114.746094, 83.007812, 1801.757812
102.050781, 135.742188, 1666.992188
373.046875, 270.996094, 1607.421875
248.046875, 4.394531, 1606.933594
529.785156, 162.109375, 1580.566406
319.335938, -99.853516, 1497.070312
-59.814453, -385.986328, 1083.984375
-276.123047, -264.404297, 217.773438
-560.791016, -403.564453, -48.583984
-,-,-
180.664062, -417.724609, 445.312500
257.812500, -449.951172, 705.566406
289.062500, -411.865234, 995.117188
53.222656, -339.111328, 1378.906250
142.578125, -4.638672, 1516.601562
92.285156, 47.363281, 1753.906250
226.562500, 105.468750, 1787.109375
363.769531, 245.117188, 1611.328125
376.464844, 0.488281, 1649.414062
377.929688, 63.964844, 1672.851562
210.937500, -213.623047, 1388.671875
-140.869141, -555.908203, 934.082031
-239.501953, -352.783203, 319.335938
-375.732422, -347.900391, 66.406250
-151.123047, -55.419922, 234.863281
-,-,-
244.628906, -443.603516, 632.812500
60.058594, -726.806641, 574.218750
365.234375, -235.595703, 946.289062
275.878906, -241.943359, 1780.273438
345.214844, 50.292969, 1999.755859
307.617188, -67.138672, 1999.755859
417.480469, 37.109375, 1689.941406
221.679688, -165.771484, 1284.179688
369.628906, -74.462891, 1180.664062
378.906250, -78.857422, 1344.726562
157.226562, -287.353516, 1205.078125
-57.373047, -331.298828, 873.046875
-296.630859, -321.044922, 306.640625
-,-,-
446.289062, -72.998047, 691.406250
301.757812, -466.552734, 647.949219
382.324219, -369.873047, 831.542969
24.414062, -380.615234, 1010.253906
142.578125, 38.574219, 1398.925781
-5.615234, 40.039062, 1681.640625
82.031250, 46.875000, 1758.789062
334.960938, 177.734375, 1816.894531
274.902344, 32.714844, 1650.390625
342.773438, -0.244141, 1642.578125
145.507812, -125.732422, 1304.687500
-74.951172, -303.955078, 987.792969
-260.498047, -310.302734, 648.925781
-,-,-
182.617188, -454.345703, 555.664062
300.292969, -291.748047, 780.273438
34.667969, -397.216797, 1287.109375
33.203125, -165.283203, 1617.187500
-160.400391, -160.888672, 1705.078125
-26.611328, 165.039062, 1759.277344
40.527344, 104.003906, 1410.156250
111.328125, 184.570312, 1516.601562
243.164062, 120.605469, 1566.406250
375.976562, 34.179688, 1538.574219
216.796875, -129.638672, 1527.343750
-209.228516, -470.947266, 878.906250
-,-,-
347.656250, -149.169922, 581.054688
264.648438, -525.146484, 621.582031
408.691406, -316.650391, 884.277344
69.335938, -462.646484, 1125.976562
93.750000, -13.916016, 1480.957031
-55.908203, -41.748047, 1643.066406
-141.357422, 45.898438, 1631.347656
12.207031, 50.292969, 1529.785156
82.519531, 51.269531, 1475.585938
295.410156, 33.691406, 1612.304688
422.363281, 6.835938, 1738.769531
188.476562, -190.185547, 1355.957031
-260.498047, -486.572266, 973.632812
-471.435547, -525.634766, 357.421875
-,-,-
293.945312, -342.041016, 1000.976562
370.605469, -536.865234, 892.089844
337.890625, -357.666016, 1291.992188
148.925781, -312.255859, 1013.183594
-64.697266, -96.923828, 1420.410156
52.246094, 18.066406, 1504.394531
26.367188, -87.646484, 1653.320312
149.414062, 47.851562, 1405.761719
164.062500, 76.660156, 1344.238281
42.968750, -83.251953, 1283.203125
301.757812, -30.029297, 1519.531250
399.902344, -2.197266, 1989.746094
-,-,-
325.195312, -288.330078, 731.933594
126.464844, -660.400391, 765.625000
200.195312, -382.080078, 1239.257812
-105.224609, -343.017578, 1266.601562
10.742188, 209.960938, 1737.792969
-157.958984, 9.765625, 1592.773438
15.625000, 98.144531, 1563.476562
167.480469, 54.687500, 1384.765625
227.539062, -4.638672, 1294.921875
312.988281, -102.294922, 1528.808594
251.953125, -107.177734, 1547.851562
139.648438, -197.021484, 1243.164062
-133.056641, -250.732422, 767.578125
-,-,-
317.871094, -192.138672, 333.496094
262.207031, -464.599609, 660.156250
337.890625, -351.318359, 574.707031
12.695312, -500.732422, 874.023438
22.949219, -71.044922, 1482.421875
-31.494141, -34.423828, 1724.609375
-1.220703, 159.179688, 1917.968750
159.179688, -61.279297, 1999.755859
281.250000, 63.964844, 1800.781250
351.562500, -8.544922, 1722.656250
-35.400391, -203.369141, 1150.878906
-213.134766, -302.490234, 822.265625
-,-,-
272.460938, -454.345703, 660.156250
213.867188, -466.552734, 684.570312
68.847656, -386.474609, 1232.421875
-8.544922, -333.740234, 1270.507812
-63.232422, -182.373047, 1587.402344
-12.939453, -89.111328, 1590.820312
-61.767578, -33.447266, 1347.167969
-13.427734, -72.021484, 1381.835938
81.542969, 41.992188, 1392.089844
136.230469, -50.537109, 1483.886719
249.511719, -95.947266, 1668.457031
216.796875, -137.451172, 1416.015625
-22.216797, -315.185547, 1185.546875
-,-,-
225.097656, -66.650391, 708.007812
221.191406, -247.802734, 524.414062
229.980469, -593.505859, 395.507812
212.890625, -496.337891, 520.019531
224.121094, -370.849609, 789.062500
59.082031, -226.318359, 1503.417969
257.812500, -144.287109, 1882.812500
306.640625, -10.498047, 1999.755859
346.191406, -73.974609, 1999.755859
248.535156, -122.802734, 1869.628906
226.562500, -173.095703, 1293.945312
-,-,-
305.175781, -127.685547, 609.375000
302.734375, -284.423828, 434.570312
257.812500, -437.744141, 287.109375
233.886719, -442.138672, 416.503906
4.394531, -402.099609, 916.015625
-155.517578, -372.802734, 1523.437500
164.062500, 17.089844, 1999.755859
335.449219, 36.621094, 1999.755859
412.597656, 67.382812, 1999.755859
415.527344, -5.615234, 1822.265625
350.097656, -102.294922, 1603.515625
280.761719, -86.181641, 999.023438
-320.556641, -293.212891, 333.496094
-,-,-
209.472656, -174.560547, 445.800781
399.902344, -294.677734, 259.277344
227.050781, -603.271484, 132.812500
418.945312, -442.626953, 288.574219
117.675781, -461.669922, 1256.835938
105.468750, -59.326172, 1961.914062
325.195312, -45.654297, 1999.755859
406.738281, 93.750000, 1999.755859
353.515625, -90.576172, 1980.468750
172.363281, -188.232422, 1369.140625
1.953125, -312.255859, 760.742188
-323.486328, -580.810547, 30.273438
-,-,-
251.464844, -254.150391, 247.070312
481.445312, -232.666016, 271.484375
374.023438, -374.267578, 675.292969
210.937500, -613.037109, 1168.457031
55.664062, -84.228516, 1241.699219
39.062500, -118.896484, 1760.253906
138.183594, -43.701172, 1999.755859
414.550781, -115.478516, 1999.755859
768.066406, 82.519531, 1890.625000
499.023438, -75.439453, 1517.578125
-73.974609, -279.052734, 787.109375
-348.876953, -563.232422, 11.718750
-,-,-
253.906250, -34.423828, 453.125000
272.949219, -359.130859, 293.945312
384.765625, -471.923828, 440.917969
253.417969, -488.037109, 875.976562
-54.931641, -375.244141, 1291.992188
44.921875, -54.443359, 1899.414062
146.484375, -8.544922, 1999.755859
608.398438, 213.867188, 1999.755859
117.675781, -156.982422, 1878.906250
22.949219, -184.814453, 1309.570312
-162.353516, -248.779297, 773.437500
-323.974609, -503.173828, 350.585938
-607.177734, -438.720703, 76.660156
-,-,-
495.605469, -271.728516, 348.632812
419.433594, -531.005859, 537.597656
396.484375, -496.826172, 855.957031
-115.966797, -523.681641, 1090.332031
-103.271484, -133.056641, 1571.289062
77.148438, 98.632812, 1749.023438
245.605469, 97.167969, 1999.755859
351.074219, -107.177734, 1999.755859
456.054688, 74.218750, 1846.191406
139.648438, -177.490234, 1440.429688
-46.630859, -588.134766, 765.625000
-364.501953, -513.427734, 284.667969
-564.208984, -219.970703, -200.927734
-,-,-
390.136719, -282.958984, 227.539062
408.203125, -386.962891, 585.937500
-72.509766, -649.169922, 628.906250
-219.970703, -455.322266, 1230.468750
434.082031, -38.330078, 1999.755859
613.281250, 129.882812, 1999.755859
686.523438, 24.414062, 1999.755859
643.066406, 89.843750, 1749.023438
-37.841797, -401.123047, 1328.125000
-545.166016, -514.404297, 634.765625
-760.498047, -472.900391, 221.679688
-,-,-
348.144531, -194.091797, 294.921875
392.578125, -562.255859, 398.437500
250.488281, -575.927734, 606.445312
433.593750, -242.919922, 1125.976562
182.128906, -195.068359, 1580.078125
-47.607422, -63.720703, 1895.019531
-225.341797, -248.779297, 1999.755859
264.648438, 299.804688, 1735.351562
153.808594, -154.541016, 1913.574219
331.542969, -189.208984, 1591.796875
268.554688, -88.623047, 1256.835938
-137.939453, -276.123047, 458.007812
-,-,-
303.222656, -417.724609, 436.035156
351.562500, -450.439453, 620.605469
9.277344, -435.302734, 1171.386719
-135.498047, -265.380859, 1507.324219
-3.662109, -121.826172, 1999.755859
165.527344, 237.792969, 1497.558594
194.335938, -64.208984, 1847.167969
525.878906, 156.738281, 1557.128906
298.339844, -161.865234, 1658.203125
298.339844, -113.037109, 1302.734375
22.460938, -281.005859, 729.003906
-377.685547, -512.451172, 209.960938
-,-,-
263.183594, -220.947266, 203.125000
405.761719, -391.845703, 631.835938
162.597656, -514.404297, 791.992188
73.242188, -449.462891, 1392.578125
277.832031, -46.142578, 1840.820312
212.890625, -118.896484, 1999.755859
393.554688, 49.316406, 1987.304688
482.910156, -21.728516, 1732.421875
373.535156, -118.408203, 1565.429688
308.105469, -222.412109, 1424.316406
141.113281, -360.107422, 1003.906250
-170.654297, -358.154297, 505.859375
-,-,-
24.414062, -587.646484, 298.828125
272.460938, -419.677734, 649.902344
336.914062, -348.388672, 1245.605469
350.097656, -335.205078, 1858.398438
305.175781, -243.896484, 1915.039062
356.445312, 76.171875, 1774.414062
231.933594, -73.974609, 1572.265625
236.816406, 29.296875, 1588.867188
345.703125, 75.195312, 1625.976562
232.910156, -119.384766, 1519.531250
65.917969, -256.103516, 1083.007812
-399.658203, -510.009766, 443.847656
-,-,-
376.464844, -237.548828, 450.195312
424.804688, -449.951172, 962.890625
600.585938, -206.787109, 1050.781250
159.179688, -296.630859, 1537.109375
-197.509766, -229.736328, 1564.453125
-120.361328, 32.714844, 1954.101562
-246.826172, -285.400391, 1845.703125
258.789062, 44.921875, 1586.425781
344.238281, -103.759766, 1633.789062
397.949219, -71.533203, 1355.468750
76.660156, -294.677734, 1038.574219
-149.658203, -286.376953, 536.132812
-473.388672, -342.529297, 198.242188
-426.513672, -216.552734, 148.925781
-,-,-
190.429688, -219.482422, 304.687500
155.273438, -446.044922, 263.671875
219.238281, -325.927734, 451.171875
92.773438, -496.826172, 815.429688
111.816406, -168.212891, 1424.316406
206.542969, -215.576172, 1943.847656
461.914062, 158.691406, 1999.755859
429.199219, 22.949219, 1999.755859
343.750000, -73.974609, 1765.136719
372.558594, -71.044922, 1374.023438
274.414062, -162.841797, 1130.859375
-100.341797, -399.169922, 712.890625
-356.689453, -488.037109, 374.023438
-489.501953, -314.697266, 93.750000
-,-,-
-113.037109, -134.521484, 912.597656
-100.830078, -47.607422, 836.914062
-192.138672, 63.476562, 771.484375
-299.072266, 194.335938, 520.507812
-352.294922, 359.375000, 414.550781
-266.357422, 220.703125, 661.132812
14.160156, 259.277344, 905.273438
432.617188, 75.195312, 1516.601562
401.855469, 49.804688, 1999.755859
-1.220703, -31.005859, 1999.755859
-294.677734, -54.443359, 1999.755859
-623.779297, 12.695312, 1685.058594
-453.369141, 102.050781, 1477.050781
-160.400391, 235.839844, 973.632812
782.714844, 549.804688, 465.332031
878.417969, 291.503906, 36.132812
-,-,-
135.742188, -168.212891, 679.199219
211.914062, -275.146484, 601.562500
559.082031, -378.662109, 159.179688
786.132812, -644.287109, 115.234375
221.191406, -592.041016, 1252.929688
-132.080078, -468.505859, 1185.546875
-747.802734, -133.056641, 1823.730469
-1027.099609, -31.494141, 1679.687500
-1055.419922, -151.611328, 1731.445312
-720.458984, -353.759766, 1720.703125
-387.451172, -367.431641, 1814.453125
91.796875, -738.525391, 1199.218750
213.867188, -690.673828, 719.238281
28.808594, -313.232422, 143.554688
-230.712891, 21.484375, 210.937500
-252.685547, 120.605469, 160.156250
-329.833984, -87.646484, 619.140625
-,-,-
-20.263672, -156.494141, 856.933594
-63.720703, -70.068359, 542.480469
118.652344, -149.658203, 415.527344
298.339844, -218.994141, 243.164062
20.507812, -308.349609, 786.132812
-313.232422, -354.736328, 1325.683594
-536.376953, -315.185547, 1074.218750
-1032.470703, 39.062500, 1408.203125
-1199.462891, 115.722656, 1631.835938
-773.193359, -263.427734, 1903.320312
-247.802734, -556.396484, 1777.343750
-172.607422, -515.380859, 1529.296875
-30.517578, -250.244141, 670.410156
-517.822266, 95.214844, 263.671875
-631.103516, 164.062500, 120.117188
-647.216797, -113.037109, 312.988281
-,-,-
347.656250, -313.232422, 590.820312
431.152344, -403.076172, 404.296875
381.347656, -357.666016, 452.148438
393.554688, -564.208984, 723.144531
-467.041016, -315.673828, 1354.003906
-486.083984, -217.041016, 1184.570312
-1051.025391, -77.880859, 1544.921875
-734.619141, -133.056641, 1162.109375
-949.462891, -92.529297, 1542.968750
-566.650391, -300.537109, 1541.015625
-387.451172, -329.833984, 1672.851562
-278.564453, -416.748047, 1383.789062
-222.412109, -245.849609, 1041.015625
-408.935547, -99.853516, 357.421875
-511.474609, 233.398438, -45.654297
-627.197266, 126.953125, 99.121094
-,-,-
-189.697266, -67.626953, 791.992188
60.058594, -147.216797, 585.937500
40.039062, -221.435547, 359.863281
155.761719, -517.822266, 315.917969
145.507812, -636.962891, 1267.578125
-25.634766, -430.419922, 1407.714844
-193.115234, -533.935547, 1433.105469
-711.669922, -79.345703, 1191.894531
-806.884766, -28.076172, 1022.949219
-1021.240234, 244.140625, 1183.105469
-778.076172, -206.787109, 1187.500000
-813.232422, -194.091797, 1330.078125
-390.380859, -453.857422, 1631.835938
-382.080078, -380.615234, 1736.328125
-213.134766, -360.107422, 1140.136719
-147.216797, -293.212891, 489.746094
-280.029297, -45.654297, 90.820312
-279.052734, -46.630859, 36.132812
-396.240234, 40.039062, 267.578125
-423.095703, -109.130859, 458.984375
-,-,-
58.593750, 25.390625, 793.945312
98.632812, -36.376953, 858.886719
161.621094, -201.904297, 618.652344
443.359375, -140.380859, 336.425781
475.585938, -197.021484, 511.718750
304.687500, -262.451172, 497.070312
273.925781, -179.443359, 1015.136719
218.750000, 22.460938, 1640.625000
81.054688, -173.583984, 1845.703125
177.734375, 112.304688, 1789.062500
374.023438, 118.652344, 1916.015625
477.050781, 156.250000, 1736.328125
488.281250, 41.015625, 1898.925781
182.128906, -173.095703, 1345.214844
-141.357422, -363.037109, 523.437500
-503.173828, -288.818359, -192.138672
-368.896484, -230.712891, 108.398438
-,-,-
335.449219, -239.013672, 267.089844
422.851562, -341.552734, 61.523438
373.046875, -357.666016, 114.257812
251.464844, -461.669922, 437.011719
469.238281, -203.369141, 1358.398438
560.058594, -70.068359, 1999.755859
815.917969, 76.171875, 1999.755859
769.042969, -88.134766, 1999.755859
685.546875, 74.218750, 1730.468750
229.492188, -241.943359, 1346.679688
-164.306641, -289.794922, 602.050781
-404.541016, -495.849609, 195.312500
-,-,-
437.988281, -218.994141, 447.265625
408.203125, -274.169922, 247.070312
456.542969, -456.298828, 400.390625
298.339844, -578.857422, 455.078125
248.535156, -459.716797, 961.425781
155.761719, 64.941406, 1609.863281
284.179688, -134.521484, 1999.755859
624.023438, 435.058594, 1999.755859
725.585938, 188.476562, 1999.755859
668.945312, 120.605469, 1753.906250
410.644531, 110.351562, 1407.226562
-132.080078, -708.740234, 467.285156
-731.201172, -812.744141, -159.423828
-,-,-
475.097656, -274.658203, 234.863281
585.937500, -311.279297, -9.521484
391.601562, -361.083984, 532.226562
113.769531, -661.376953, 834.472656
290.039062, -157.958984, 1704.589844
649.414062, 233.886719, 1999.755859
701.660156, 52.246094, 1999.755859
678.710938, 2.441406, 1999.755859
571.777344, 76.171875, 1640.625000
252.929688, -202.392578, 1090.332031
-100.830078, -387.939453, 580.078125
-394.775391, -443.115234, 28.320312
-,-,-
545.410156, -221.923828, 161.132812
542.480469, -412.841797, 405.273438
270.507812, -659.423828, 507.812500
54.687500, -430.908203, 790.039062
376.953125, -37.353516, 1946.777344
602.539062, 119.628906, 1999.755859
787.597656, 136.230469, 1999.755859
684.570312, 94.726562, 1999.755859
229.492188, -326.904297, 1385.742188
-355.224609, -434.814453, 508.789062
-,-,-
251.464844, -330.810547, 99.121094
169.921875, -457.763672, 19.042969
224.609375, -526.611328, 971.679688
557.128906, 183.105469, 1585.449219
685.058594, 144.531250, 1999.755859
1028.320312, 437.988281, 1999.755859
431.640625, -288.330078, 1999.755859
-37.841797, -355.712891, 1173.339844
-494.873047, -457.763672, 334.472656
-,-,-
458.496094, -258.056641, 4.394531
461.425781, -452.392578, -99.365234
417.480469, -443.115234, 841.796875
299.804688, -533.935547, 1489.257812
474.609375, 11.718750, 1999.755859
289.550781, 109.375000, 1999.755859
659.179688, 391.601562, 1999.755859
567.871094, -16.845703, 1999.755859
543.945312, 97.656250, 1411.132812
129.882812, -126.708984, 1008.789062
-,-,-
311.035156, -241.455078, 88.867188
402.343750, -406.005859, 86.914062
290.039062, -348.388672, 439.941406
404.785156, -345.458984, 1159.667969
982.910156, 238.769531, 1999.755859
1221.191406, 11.718750, 1999.755859
947.753906, 46.386719, 1999.755859
37.109375, -355.224609, 1752.929688
-,-,-
366.210938, -198.486328, 285.644531
340.332031, -266.357422, 313.964844
315.917969, -222.412109, 571.777344
224.121094, -215.576172, 1363.281250
306.152344, 114.257812, 1883.789062
520.019531, 239.257812, 1999.755859
626.953125, 139.160156, 1999.755859
408.691406, -24.169922, 1999.755859
77.636719, -41.748047, 1358.398438
-,-,-
376.953125, 26.367188, 468.261719
354.003906, -233.154297, 292.968750
520.019531, -295.166016, 445.312500
236.328125, -524.658203, 641.601562
256.347656, -236.572266, 1169.921875
274.902344, -18.798828, 1815.917969
778.320312, 464.843750, 1999.755859
675.292969, 83.496094, 1999.755859
437.500000, 43.945312, 1999.755859
-70.556641, -230.712891, 1567.382812
-,-,-
79.589844, -541.259766, 195.800781
509.765625, -367.431641, 585.937500
332.519531, -368.408203, 882.324219
321.777344, -101.806641, 1375.488281
191.406250, 17.578125, 1999.755859
113.769531, 114.257812, 1999.755859
93.261719, -24.169922, 1999.755859
-145.751953, -156.982422, 1843.261719
-81.298828, -40.771484, 1294.433594
-120.849609, -416.748047, 870.117188
-,-,-
145.507812, -42.236328, 422.851562
226.562500, -250.732422, 396.484375
313.476562, -309.326172, 498.046875
95.214844, -502.685547, 485.351562
348.632812, -268.798828, 1031.250000
542.480469, 4.882812, 1999.755859
771.484375, 54.199219, 1999.755859
1082.031250, 427.734375, 1999.755859
527.343750, -284.912109, 1760.742188
239.257812, -137.939453, 1351.562500
-213.134766, -202.392578, 738.281250
-,-,-
361.328125, -118.408203, 427.734375
336.914062, -380.615234, 398.437500
744.140625, -203.857422, 623.535156
361.328125, -565.185547, 761.718750
453.613281, -171.142578, 1439.453125
58.105469, -160.888672, 1898.925781
256.347656, 67.871094, 1999.755859
486.816406, 288.085938, 1999.755859
363.281250, 109.375000, 1999.755859
-,-,-
280.761719, -88.623047, 429.199219
314.941406, -455.322266, 509.277344
444.335938, -380.615234, 637.695312
358.886719, -416.748047, 916.992188
424.316406, 15.136719, 1194.824219
199.218750, -32.470703, 1384.765625
396.484375, 282.226562, 1999.755859
397.949219, -195.068359, 1999.755859
536.621094, 109.375000, 1999.755859
159.179688, -82.275391, 1719.238281
-,-,-
180.664062, -84.228516, 248.046875
273.437500, -298.583984, 391.601562
356.933594, -205.810547, 485.351562
342.285156, -340.087891, 982.421875
352.050781, -49.560547, 1416.015625
574.707031, -43.701172, 1999.755859
775.878906, 269.042969, 1999.755859
655.761719, -34.423828, 1999.755859
299.804688, -68.603516, 1719.726562
130.371094, -70.556641, 1120.605469
-,-,-
215.332031, -207.763672, 244.140625
392.089844, -531.005859, 77.636719
287.109375, -292.724609, 516.113281
145.507812, -466.552734, 823.730469
270.019531, -52.490234, 1675.781250
457.031250, 40.039062, 1999.755859
839.355469, 111.328125, 1999.755859
514.160156, -89.111328, 1999.755859
298.339844, -87.646484, 1711.425781
43.945312, -401.123047, 968.750000
-436.767578, -562.255859, 344.238281
-,-,-
28.808594, -150.146484, 398.437500
129.394531, -425.048828, 66.406250
138.183594, -536.865234, 305.664062
322.753906, -447.998047, 646.972656
519.042969, -132.080078, 1373.535156
664.550781, 71.289062, 1999.755859
520.507812, 79.101562, 1999.755859
422.363281, -6.591797, 1999.755859
137.207031, -275.146484, 1999.755859
247.558594, -65.185547, 1186.523438
-26.123047, -201.416016, 709.960938
-400.634766, -606.201172, 42.968750
-,-,-
170.410156, -116.455078, 304.687500
281.738281, -398.193359, 320.312500
393.066406, -355.224609, 575.195312
183.105469, -439.697266, 966.796875
382.324219, -44.677734, 1570.312500
241.210938, -85.205078, 1999.755859
392.578125, 195.312500, 1999.755859
370.605469, 89.843750, 1999.755859
108.398438, -201.416016, 1709.472656
83.496094, -86.181641, 1082.031250
-25.146484, -85.693359, 809.570312
-325.439453, -299.072266, 332.519531
-,-,-
36.132812, -203.369141, 221.679688
354.492188, -271.728516, 221.679688
237.792969, -374.267578, 645.019531
298.828125, -345.458984, 850.097656
309.082031, -33.447266, 1453.613281
350.585938, -87.158203, 1999.755859
420.410156, -43.701172, 1999.755859
684.082031, 154.296875, 1999.755859
470.214844, 27.343750, 1818.847656
221.679688, -122.802734, 1249.511719
-,-,-
175.292969, -177.978516, 132.324219
173.828125, -436.279297, 612.304688
383.789062, -193.115234, 713.867188
319.335938, -397.216797, 1416.992188
412.597656, -10.498047, 1597.656250
387.207031, -62.255859, 1969.238281
591.796875, 177.734375, 1999.755859
573.730469, -54.931641, 1999.755859
312.988281, -122.802734, 1664.550781
-,-,-
241.699219, -129.638672, 332.519531
526.367188, -158.935547, 509.765625
407.226562, -252.685547, 598.144531
322.753906, -526.123047, 1004.882812
-9.521484, -350.341797, 1528.808594
119.628906, -81.787109, 1999.755859
230.957031, -409.423828, 1999.755859
306.640625, 138.183594, 1417.968750
346.679688, 13.671875, 1884.765625
397.460938, 4.882812, 1306.640625
215.820312, -84.228516, 1054.199219
-157.470703, -232.666016, 578.125000
-,-,-
264.648438, -201.416016, 307.617188
243.652344, -338.623047, 268.554688
357.910156, -331.298828, 500.488281
97.656250, -377.197266, 916.015625
495.605469, -19.775391, 1440.429688
475.585938, 59.570312, 1999.755859
702.148438, 164.062500, 1999.755859
396.484375, -50.048828, 1999.755859
157.226562, -123.779297, 1456.542969
-,-,-
220.214844, -117.431641, 339.355469
312.500000, -378.662109, 292.968750
425.781250, -204.833984, 645.507812
172.851562, -477.294922, 711.914062
406.250000, -16.357422, 1362.304688
265.625000, 66.894531, 1784.179688
411.621094, -5.615234, 1999.755859
527.343750, 2.441406, 1999.755859
523.437500, 92.773438, 1999.755859
393.066406, -92.529297, 1419.921875
-,-,-
272.460938, -254.150391, 380.859375
158.203125, -521.240234, 297.851562
97.656250, -425.537109, 661.132812
529.785156, -1.708984, 1850.097656
484.863281, -47.607422, 1999.755859
590.332031, -40.771484, 1999.755859
612.792969, 22.460938, 1999.755859
299.804688, -169.189453, 1370.117188
42.968750, -302.001953, 1180.664062
107.421875, -28.076172, 810.546875
-,-,-
266.601562, -85.205078, 267.578125
251.464844, -298.583984, 344.726562
274.902344, -395.263672, 800.292969
361.328125, -248.779297, 1121.582031
342.773438, -20.263672, 1647.460938
318.359375, 123.046875, 1955.078125
488.769531, 138.183594, 1999.755859
349.609375, 76.171875, 1999.755859
197.753906, -29.541016, 1740.722656
180.175781, -81.787109, 1116.699219
-,-,-
239.746094, -248.779297, 347.167969
274.414062, -265.380859, 363.769531
384.765625, -319.091797, 474.609375
315.917969, -329.833984, 874.023438
214.355469, -107.177734, 1254.394531
126.953125, 85.937500, 1925.292969
259.277344, 100.097656, 1999.755859
368.164062, 39.062500, 1999.755859
187.011719, -121.826172, 1834.960938
224.121094, -15.380859, 1404.785156
-100.830078, -228.271484, 730.468750
-123.779297, -165.771484, 314.453125
-,-,-
193.359375, -208.740234, 351.562500
299.804688, -379.638672, 314.941406
413.574219, -271.728516, 598.144531
225.097656, -511.474609, 932.128906
222.656250, 23.437500, 1377.929688
273.925781, 14.160156, 1894.042969
492.675781, 301.269531, 1999.755859
600.585938, 113.281250, 1999.755859
446.777344, 54.687500, 1828.125000
208.496094, -140.380859, 1314.941406
73.730469, -149.658203, 927.246094
-,-,-
327.636719, -127.685547, 433.105469
223.632812, -274.658203, 710.937500
206.054688, -226.318359, 1316.406250
311.523438, -176.513672, 1900.390625
409.179688, -76.904297, 1999.755859
514.648438, -108.154297, 1999.755859
473.144531, -115.478516, 1873.535156
736.328125, 51.757812, 1631.835938
290.039062, -243.896484, 1111.328125
-188.232422, -463.623047, 491.699219
-,-,-
124.023438, -218.994141, 145.507812
213.867188, -407.470703, 182.128906
249.023438, -408.935547, 373.046875
191.894531, -458.740234, 890.136719
625.000000, 149.414062, 1772.460938
932.617188, 180.664062, 1999.755859
916.992188, 25.390625, 1999.755859
365.234375, -190.185547, 1999.755859
284.179688, -134.521484, 988.769531
-,-,-
344.238281, -123.779297, 318.359375
250.976562, -222.900391, 181.152344
257.324219, -418.701172, 404.296875
124.023438, -531.982422, 776.855469
383.789062, -22.216797, 1555.175781
736.816406, 167.480469, 1999.755859
846.191406, 312.500000, 1999.755859
788.574219, 211.425781, 1999.755859
108.398438, -287.353516, 1655.273438
54.199219, -108.154297, 896.484375
-373.291016, -321.533203, 550.292969
-,-,-
266.601562, -285.400391, 115.234375
215.332031, -364.013672, 359.863281
374.023438, -315.185547, 896.484375
326.171875, -327.880859, 1573.730469
545.898438, 6.835938, 1999.755859
538.085938, -157.958984, 1999.755859
702.148438, 105.468750, 1999.755859
296.386719, -132.568359, 1689.941406
179.199219, -101.318359, 1184.570312
-37.353516, -178.466797, 778.808594
-,-,-
216.796875, -442.138672, 218.750000
513.183594, -398.193359, 699.707031
66.406250, -608.642578, 892.578125
317.871094, -243.896484, 1465.820312
330.078125, -22.216797, 1958.984375
468.750000, -126.708984, 1999.755859
547.363281, 112.304688, 1999.755859
468.750000, -15.380859, 1685.058594
368.164062, -158.935547, 1254.882812
-3.662109, -346.435547, 1140.136719
-77.880859, -329.345703, 758.789062
-198.486328, -171.142578, 426.757812
-,-,-
-49.560547, -338.134766, 235.839844
145.507812, -434.326172, 498.535156
212.890625, -447.021484, 879.394531
260.742188, -387.939453, 1497.070312
427.734375, 110.351562, 1685.546875
476.074219, -65.673828, 1999.755859
671.875000, 212.890625, 1999.755859
446.289062, -78.857422, 1961.914062
280.273438, -196.044922, 1528.320312
105.468750, -269.287109, 1120.117188
-298.095703, -450.927734, 490.722656
-,-,-
233.886719, -226.318359, 255.371094
193.359375, -324.951172, 536.132812
160.644531, -417.724609, 756.835938
269.042969, -200.439453, 1163.574219
349.121094, -45.654297, 1984.375000
489.257812, 47.363281, 1999.755859
700.683594, 142.578125, 1999.755859
591.308594, 36.132812, 1861.328125
363.769531, -85.693359, 1438.476562
184.082031, -212.646484, 1185.546875
17.578125, -212.646484, 790.039062
-,-,-
283.203125, -396.728516, 154.785156
295.898438, -395.263672, 732.421875
125.488281, -461.669922, 876.953125
270.507812, -136.962891, 1378.417969
488.769531, 60.546875, 1999.755859
501.953125, 13.183594, 1999.755859
717.773438, 208.984375, 1999.755859
405.761719, -52.978516, 1726.562500
231.445312, -143.310547, 1246.582031
65.917969, -276.123047, 863.281250
-222.412109, -299.560547, 473.632812
-,-,-
107.910156, -225.341797, 156.738281
233.886719, -324.951172, 324.218750
263.183594, -404.541016, 669.433594
238.769531, -388.427734, 1125.000000
424.804688, -54.443359, 1730.468750
691.894531, -2.685547, 1999.755859
790.039062, 127.929688, 1999.755859
662.597656, -76.904297, 1999.755859
303.222656, -222.900391, 1497.070312
6.835938, -221.435547, 1093.261719
-154.541016, -244.873047, 580.566406
-,-,-
320.312500, -290.771484, 490.722656
109.375000, -376.708984, 785.156250
241.210938, -552.978516, 1079.101562
284.179688, -299.560547, 1637.207031
414.550781, -256.591797, 1895.996094
322.753906, 134.277344, 1999.755859
471.191406, 117.187500, 1851.562500
384.277344, -75.927734, 1880.859375
378.906250, -157.958984, 1279.296875
235.351562, -154.541016, 1102.539062
-39.794922, -303.955078, 648.925781
-11.962891, -113.037109, 553.710938
-,-,-
142.089844, -197.021484, 204.589844
172.851562, -310.302734, 567.382812
162.597656, -373.291016, 1078.125000
466.308594, -65.185547, 1564.453125
548.339844, 197.265625, 1999.755859
510.742188, -10.986328, 1999.755859
457.519531, 234.863281, 1782.226562
264.648438, -35.400391, 1592.773438
217.285156, 1.464844, 1396.484375
33.203125, -111.083984, 1210.937500
-86.181641, -188.232422, 915.039062
-,-,-
201.660156, -98.388672, 235.351562
195.800781, -420.166016, 321.289062
199.707031, -426.513672, 538.085938
73.242188, -585.205078, 979.492188
349.121094, -188.720703, 1554.199219
534.179688, 70.312500, 1999.755859
471.191406, 60.546875, 1999.755859
498.046875, 62.500000, 1999.755859
434.082031, 4.882812, 1640.625000
268.554688, -66.650391, 1309.570312
-35.400391, -161.865234, 1007.324219
-190.673828, -741.455078, 362.792969
-,-,-
47.363281, -235.595703, 214.843750
220.214844, -203.369141, 356.933594
211.914062, -406.494141, 524.414062
382.812500, -272.705078, 908.691406
334.472656, -34.912109, 1344.726562
455.078125, -4.638672, 1958.007812
603.027344, 251.953125, 1999.755859
529.296875, 32.714844, 1999.755859
198.242188, -123.779297, 1750.000000
-1.708984, -93.505859, 1257.812500
-209.228516, -204.345703, 794.921875
-,-,-
28.808594, -347.412109, 183.105469
294.921875, -362.060547, 505.859375
142.089844, -409.423828, 640.625000
455.078125, -161.865234, 823.730469
405.273438, -130.615234, 1774.414062
548.339844, -37.353516, 1999.755859
628.906250, 51.269531, 1999.755859
461.914062, -96.435547, 1999.755859
367.187500, -162.841797, 1609.863281
42.480469, -181.396484, 1100.585938
-69.580078, -281.494141, 384.277344
-,-,-
257.812500, -296.630859, 70.312500
198.242188, -517.333984, 687.500000
242.675781, -318.115234, 650.390625
172.363281, -275.146484, 1356.933594
364.746094, -115.966797, 1999.755859
492.187500, -58.349609, 1999.755859
370.117188, -134.521484, 1999.755859
124.511719, -151.123047, 1592.773438
172.851562, -47.119141, 1214.843750
3.417969, -112.060547, 769.531250
-,-,-
304.199219, -189.208984, 609.375000
238.769531, -163.818359, 467.285156
207.031250, -93.505859, 518.066406
96.191406, -330.810547, 795.898438
-2.685547, -334.716797, 997.070312
97.656250, -164.794922, 1571.289062
205.078125, -78.857422, 1787.109375
399.902344, -28.076172, 1978.027344
529.296875, 212.890625, 1969.238281
647.460938, 245.117188, 1717.773438
362.792969, -43.701172, 1444.335938
146.972656, -89.599609, 805.175781
-152.099609, -392.822266, 582.031250
-415.771484, -764.404297, 27.343750
-,-,-
365.234375, -430.419922, 464.843750
463.378906, -178.466797, 387.207031
219.238281, -455.322266, 707.519531
25.390625, -554.443359, 773.437500
-43.212891, -316.162109, 1180.664062
96.191406, -63.232422, 1794.433594
231.933594, 113.281250, 1999.755859
494.628906, 300.781250, 1999.755859
460.937500, -30.029297, 1938.476562
522.460938, 270.996094, 1385.742188
92.285156, -265.380859, 979.003906
-146.240234, -660.400391, 446.289062
-,-,-
400.390625, -367.919922, 562.988281
257.324219, -320.556641, 703.613281
-97.412109, -392.333984, 1350.097656
-47.119141, -93.505859, 1730.468750
-52.978516, -154.541016, 1999.755859
258.789062, 187.011719, 1999.755859
297.363281, 46.386719, 1938.476562
319.335938, -31.005859, 1657.226562
408.691406, 25.390625, 1314.453125
247.070312, -67.626953, 1094.238281
-72.998047, -425.537109, 571.777344
-,-,-
186.523438, -178.466797, 521.972656
237.304688, -169.189453, 452.148438
278.320312, -380.126953, 478.515625
430.175781, -223.876953, 659.179688
220.703125, -444.580078, 743.164062
-54.931641, -534.912109, 1389.648438
-138.427734, -399.169922, 1770.507812
-125.244141, -199.462891, 1999.755859
20.507812, -251.708984, 1939.453125
225.097656, -161.865234, 1978.027344
419.921875, 119.628906, 1494.140625
138.671875, -239.013672, 1199.707031
-64.697266, -377.685547, 726.074219
-306.884766, -541.748047, -31.005859
-449.951172, -444.091797, 8.789062
-,-,-
394.042969, -247.802734, 453.125000
360.351562, -331.787109, 474.609375
375.000000, -311.279297, 522.460938
-68.115234, -356.689453, 1040.039062
149.902344, -266.357422, 1383.789062
-8.544922, -226.318359, 1863.281250
323.730469, -21.240234, 1999.755859
424.316406, 87.890625, 1999.755859
569.824219, 85.937500, 1903.320312
348.632812, -133.544922, 1462.402344
374.023438, -42.724609, 1166.015625
-193.115234, -490.478516, 738.281250
-299.072266, -441.650391, 539.062500
-226.806641, -299.560547, 175.781250
-172.119141, -117.431641, 358.398438
-,-,-
70.800781, -70.068359, 767.578125
161.132812, -79.833984, 672.363281
221.191406, -210.693359, 582.031250
341.796875, -391.845703, 403.320312
242.675781, -331.298828, 586.914062
2.441406, -451.416016, 1084.472656
168.945312, -109.130859, 1683.105469
483.398438, -1.220703, 1995.605469
537.597656, 23.925781, 1999.755859
704.589844, 150.878906, 1999.755859
330.078125, -140.380859, 1548.828125
-47.119141, -246.826172, 865.234375
-424.072266, -356.689453, 595.703125
-654.541016, -521.728516, -158.935547
-,-,-
339.355469, -203.369141, 375.000000
462.890625, -367.431641, 506.835938
366.210938, -529.052734, 813.476562
12.207031, -629.150391, 940.429688
85.937500, -164.794922, 1141.601562
135.742188, -188.232422, 1646.484375
458.007812, -15.380859, 1999.755859
702.636719, -78.857422, 1999.755859
768.066406, 18.066406, 1828.125000
457.519531, -240.966797, 1488.281250
351.562500, -209.716797, 1004.882812
-279.052734, -601.318359, 565.917969
-342.529297, -274.658203, 204.101562
-345.458984, -185.302734, 255.371094
-,-,-
53.222656, -176.513672, 50.292969
114.746094, -355.224609, 329.589844
147.949219, -527.099609, 747.558594
355.468750, -541.259766, 1204.101562
362.792969, -329.833984, 1783.203125
465.332031, -232.177734, 1916.015625
562.011719, -58.349609, 1999.755859
788.574219, 12.695312, 1757.812500
659.179688, -100.830078, 1564.941406
534.179688, -149.169922, 1163.574219
328.613281, -136.474609, 936.035156
-198.974609, -393.798828, 632.812500
-558.349609, -563.232422, 199.218750
-,-,-
60.546875, -317.626953, 246.093750
220.214844, -388.916016, 231.933594
269.531250, -416.748047, 551.269531
237.792969, -562.255859, 1090.332031
319.335938, -269.775391, 1491.210938
527.343750, -164.794922, 1999.755859
627.929688, -31.005859, 1999.755859
567.382812, -95.947266, 1999.755859
349.609375, -269.287109, 1579.589844
356.445312, -169.189453, 1244.140625
104.492188, -327.880859, 741.210938
-,-,-
-42.724609, -313.232422, 87.890625
310.058594, -420.166016, 203.613281
421.875000, -389.892578, 643.554688
212.890625, -629.638672, 1059.082031
471.191406, -199.462891, 1559.082031
663.085938, -163.818359, 1999.755859
815.429688, 28.320312, 1999.755859
595.703125, -117.431641, 1999.755859
416.503906, -103.759766, 1397.460938
394.531250, -199.462891, 1134.765625
-,-,-
225.097656, -391.845703, 497.558594
583.496094, -590.087891, 775.878906
60.546875, -540.283203, 1564.453125
305.175781, -195.068359, 1728.515625
167.480469, -53.466797, 1668.945312
255.371094, -82.763672, 1614.257812
501.464844, 194.335938, 1621.093750
557.617188, 40.039062, 1884.765625
323.730469, -171.142578, 1583.496094
55.175781, -274.169922, 1193.847656
-172.119141, -196.044922, 626.953125
-,-,-
226.074219, -217.529297, 255.371094
405.761719, -327.880859, 477.539062
551.757812, -293.701172, 602.539062
289.062500, -478.271484, 1168.945312
177.734375, -314.208984, 1640.625000
424.804688, 11.718750, 1999.755859
408.203125, 25.390625, 1999.755859
540.039062, 147.460938, 1905.273438
455.078125, 20.019531, 1621.093750
207.519531, -115.966797, 1265.625000
262.207031, -21.240234, 861.328125
-387.939453, -632.568359, 476.562500
-,-,-
7.812500, -197.021484, 239.257812
21.972656, -372.314453, 528.320312
185.058594, -347.412109, 623.535156
252.929688, -405.029297, 1296.386719
436.523438, -94.482422, 1580.078125
485.839844, -167.724609, 1999.755859
620.605469, -55.419922, 1986.328125
632.812500, -54.443359, 1962.890625
346.191406, -237.548828, 1638.183594
207.519531, -264.404297, 1103.515625
38.085938, -320.556641, 630.859375
-,-,-
232.421875, -233.642578, 386.230469
229.492188, -304.931641, 352.539062
305.175781, -297.607422, 433.105469
14.648438, -689.697266, 845.703125
114.746094, -247.802734, 1104.492188
447.265625, -112.060547, 1894.042969
501.464844, -24.169922, 1999.755859
814.941406, 32.714844, 1999.755859
586.914062, -146.728516, 1756.347656
579.589844, -86.181641, 1477.539062
102.050781, -208.740234, 1173.828125
-47.119141, -524.658203, 659.179688
-582.275391, -530.029297, 154.785156
-,-,-
131.347656, -169.189453, 267.578125
133.789062, -483.154297, 445.800781
396.484375, -354.736328, 526.367188
383.300781, -447.998047, 1166.503906
404.785156, -211.669922, 1775.390625
480.468750, -120.849609, 1999.755859
281.250000, -72.998047, 1999.755859
451.660156, 62.500000, 1794.433594
339.355469, -89.599609, 1619.140625
305.664062, -67.626953, 1239.257812
97.656250, -168.212891, 916.015625
-320.068359, -568.603516, 486.328125
-380.615234, -426.513672, 181.152344
-,-,-
32.226562, -222.412109, 284.667969
58.105469, -308.349609, 328.125000
130.371094, -526.123047, 595.214844
167.968750, -486.083984, 900.390625
280.273438, -294.677734, 1386.718750
441.894531, -77.880859, 1978.515625
425.292969, 45.898438, 1999.755859
415.039062, 77.148438, 1999.755859
402.343750, 62.011719, 1742.675781
125.000000, -197.021484, 1434.570312
342.773438, -30.029297, 1122.070312
46.386719, -174.072266, 704.101562
-,-,-
18.066406, -516.357422, 327.148438
174.804688, -448.974609, 1163.574219
152.343750, -439.697266, 1530.761719
566.894531, 54.199219, 1999.755859
478.515625, 32.226562, 1999.755859
436.523438, 120.117188, 1999.755859
296.875000, -22.705078, 1686.035156
-45.654297, -233.642578, 1250.976562
125.488281, -127.685547, 883.300781
-391.357422, -431.396484, 548.828125
-231.201172, -249.755859, 249.023438
-297.607422, -70.068359, 90.820312
-,-,-
8.789062, -344.482422, 117.187500
71.777344, -512.451172, 786.132812
155.761719, -463.623047, 997.070312
508.789062, -236.572266, 1911.132812
622.558594, -20.751953, 1999.755859
554.199219, 2.441406, 1999.755859
477.050781, -45.654297, 1960.937500
217.773438, -96.923828, 1384.765625
355.468750, -73.974609, 1133.789062
201.660156, -162.353516, 1029.785156
-,-,-
183.105469, -163.818359, 382.812500
250.000000, -337.158203, 441.894531
178.222656, -355.712891, 482.421875
339.355469, -422.119141, 1085.449219
373.046875, -226.318359, 1665.527344
437.011719, -269.287109, 1858.398438
695.312500, 3.906250, 1913.085938
701.660156, -24.169922, 1875.488281
624.511719, -1.220703, 1542.968750
394.042969, -189.208984, 1277.343750
81.054688, -290.771484, 1017.578125
-111.083984, -294.677734, 527.343750
-,-,-
279.296875, -286.376953, 521.484375
395.507812, -424.072266, 616.210938
189.941406, -429.443359, 1172.851562
287.597656, -140.380859, 1711.425781
179.687500, -90.087891, 1855.468750
289.550781, -65.185547, 1999.511719
378.417969, 81.542969, 1753.906250
241.210938, -158.447266, 1755.859375
293.457031, -65.673828, 1273.925781
213.867188, -85.205078, 1115.722656
168.457031, -333.251953, 524.414062
-,-,-
146.484375, -250.732422, 361.328125
264.648438, -302.978516, 522.460938
327.636719, -372.314453, 680.664062
238.769531, -406.494141, 1119.140625
213.378906, -151.123047, 1565.429688
272.949219, -179.443359, 1872.070312
467.773438, 121.093750, 1999.755859
514.648438, 73.242188, 1899.902344
465.820312, -32.470703, 1629.882812
432.617188, -59.326172, 1384.765625
152.343750, -244.873047, 1063.964844
-,-,-
114.746094, -308.349609, 349.609375
228.515625, -427.490234, 291.015625
377.929688, -321.533203, 699.707031
312.500000, -320.556641, 1143.066406
424.316406, -126.708984, 1849.121094
538.574219, 57.617188, 1999.755859
656.738281, 112.304688, 1999.755859
360.351562, -31.494141, 1866.699219
255.371094, -117.919922, 1449.218750
257.324219, -72.998047, 1266.601562
-,-,-
246.582031, -263.427734, 412.109375
270.996094, -320.556641, 536.132812
145.996094, -401.123047, 817.382812
348.632812, -59.326172, 1217.773438
418.457031, -31.005859, 1717.285156
508.789062, 17.089844, 1999.755859
600.585938, 67.871094, 1999.755859
424.316406, -17.822266, 1836.914062
267.578125, -42.724609, 1383.789062
127.441406, -125.732422, 1192.871094
-124.755859, -362.060547, 641.601562
-,-,-
41.992188, -199.951172, 461.914062
254.394531, -292.724609, 471.191406
347.167969, -319.091797, 711.914062
397.460938, -319.580078, 834.960938
361.816406, -233.154297, 1267.578125
319.824219, -194.091797, 1569.335938
242.187500, 13.671875, 1750.000000
293.945312, 27.343750, 1950.195312
307.617188, 49.316406, 1653.320312
471.679688, 141.113281, 1415.039062
467.773438, 5.371094, 1318.359375
328.613281, -141.357422, 1131.835938
2.929688, -376.708984, 862.304688
-,-,-
59.082031, -190.185547, 398.437500
315.917969, -282.470703, 722.656250
367.187500, -318.115234, 787.109375
353.515625, -278.076172, 1134.765625
274.902344, -242.919922, 1289.062500
261.230469, -110.107422, 1625.976562
213.378906, -128.662109, 1710.449219
483.886719, 95.703125, 1826.171875
433.593750, 4.394531, 1660.644531
465.332031, 20.507812, 1476.562500
379.394531, -23.681641, 1195.312500
37.109375, -382.568359, 970.703125
-,-,-
-59.814453, -267.333984, 360.839844
243.164062, -276.123047, 603.515625
268.554688, -349.853516, 621.093750
262.207031, -371.337891, 897.460938
149.414062, -289.306641, 1269.042969
292.968750, -140.869141, 1632.812500
348.632812, 75.195312, 1835.449219
360.351562, 3.906250, 1999.755859
271.484375, -37.353516, 1710.449219
295.898438, -42.724609, 1539.062500
270.996094, -96.435547, 1310.546875
336.914062, -67.138672, 1075.195312
100.097656, -210.693359, 866.210938
-183.349609, -359.130859, 518.066406
-,-,-
354.492188, -114.501953, 530.273438
372.070312, -186.279297, 556.640625
343.750000, -266.357422, 600.585938
136.230469, -396.240234, 636.718750
-51.513672, -382.568359, 980.468750
217.773438, -198.486328, 1498.046875
396.484375, 29.785156, 1911.132812
439.453125, 35.156250, 1999.755859
516.113281, 91.796875, 1785.156250
344.238281, -30.029297, 1573.242188
315.917969, -69.091797, 1278.808594
417.968750, -33.447266, 1183.593750
41.015625, -342.529297, 798.339844
-,-,-
134.765625, -260.498047, 317.382812
431.152344, -324.462891, 637.695312
358.398438, -349.365234, 798.828125
409.179688, -355.712891, 1077.148438
42.968750, -324.951172, 1296.386719
168.945312, -150.146484, 1507.324219
215.820312, 70.312500, 1692.382812
488.769531, 110.351562, 1855.468750
438.964844, 26.367188, 1752.929688
441.894531, 15.136719, 1431.152344
310.058594, -33.447266, 1149.414062
-27.099609, -260.498047, 904.785156
-231.201172, -650.146484, 625.488281
-,-,-
281.250000, -219.970703, 548.828125
448.730469, -290.283203, 611.328125
306.640625, -290.771484, 832.519531
173.339844, -457.275391, 1119.628906
85.937500, -228.271484, 1360.351562
67.871094, -257.080078, 1680.664062
181.640625, -14.892578, 1780.273438
451.660156, 79.101562, 1807.617188
277.343750, -74.951172, 1666.992188
319.335938, -52.978516, 1441.406250
227.050781, -157.958984, 1169.433594
46.386719, -198.974609, 999.023438
-134.521484, -488.525391, 724.121094
-,-,-
70.800781, -272.705078, 354.492188
229.980469, -230.224609, 558.593750
233.398438, -404.052734, 806.152344
166.503906, -365.966797, 856.933594
143.554688, -318.603516, 1127.929688
299.804688, -3.662109, 1340.820312
379.882812, 103.515625, 1587.890625
290.039062, -18.310547, 1719.726562
501.464844, 72.265625, 1863.281250
416.015625, -44.677734, 1625.000000
441.894531, -79.833984, 1369.628906
273.925781, -150.634766, 1268.554688
124.511719, -226.318359, 875.000000
-141.357422, -340.576172, 710.937500
-,-,-
129.882812, -234.130859, 507.812500
272.949219, -255.126953, 644.042969
230.468750, -210.693359, 818.359375
136.230469, -223.388672, 891.601562
192.382812, -206.787109, 1166.015625
242.187500, -144.287109, 1351.562500
246.582031, -130.615234, 1647.460938
391.601562, -31.005859, 1774.414062
456.054688, -10.498047, 1751.953125
466.308594, 31.738281, 1580.078125
270.507812, -96.435547, 1349.121094
94.238281, -142.333984, 1128.906250
-51.513672, -245.849609, 792.968750
-127.685547, -368.896484, 506.835938
-,-,-
198.730469, -247.802734, 617.187500
359.375000, -205.322266, 709.960938
254.882812, -310.302734, 970.703125
246.093750, -129.638672, 1145.507812
264.648438, -79.833984, 1468.750000
202.148438, -19.287109, 1624.023438
352.050781, 25.390625, 1843.261719
423.828125, 119.628906, 1716.796875
423.339844, 6.835938, 1579.101562
293.945312, -80.810547, 1475.585938
183.105469, -81.787109, 1128.906250
138.183594, -229.248047, 810.546875
-,-,-
275.878906, -190.185547, 513.671875
452.636719, -254.150391, 618.164062
293.945312, -283.935547, 839.843750
270.019531, -280.029297, 1195.800781
317.382812, -40.771484, 1383.789062
476.562500, -46.630859, 1877.929688
418.945312, 95.214844, 1999.755859
381.347656, 18.066406, 1743.652344
210.937500, 2.929688, 1588.867188
154.785156, -82.763672, 1360.351562
166.503906, -143.310547, 1039.550781
-,-,-
245.605469, -178.466797, 506.835938
144.531250, -359.130859, 586.914062
347.167969, -321.044922, 817.382812
187.500000, -197.021484, 995.117188
321.777344, -101.806641, 1435.546875
310.546875, 44.921875, 1604.492188
500.488281, 70.312500, 1990.234375
491.699219, 154.296875, 1862.304688
449.218750, 45.898438, 1732.421875
244.628906, -45.654297, 1390.625000
196.777344, -92.529297, 1162.109375
69.335938, -200.927734, 807.617188
-218.017578, -344.482422, 598.632812
-245.361328, -324.951172, 456.054688
-,-,-
251.953125, -184.814453, 476.562500
310.058594, -302.001953, 524.414062
199.218750, -338.623047, 699.707031
89.355469, -341.552734, 1031.738281
224.121094, -48.583984, 1402.832031
346.679688, 156.250000, 1764.160156
341.796875, 50.292969, 1999.755859
421.386719, 127.929688, 1999.755859
261.230469, -10.498047, 1678.710938
161.621094, -107.177734, 1323.730469
-21.240234, -197.998047, 1083.496094
-187.255859, -436.767578, 638.671875
-,-,-
140.625000, -214.599609, 450.195312
203.125000, -294.677734, 519.042969
153.808594, -355.712891, 733.398438
183.105469, -225.341797, 987.792969
255.371094, -134.521484, 1514.648438
368.652344, 3.906250, 1796.386719
496.093750, 64.453125, 1999.755859
355.957031, -73.974609, 1999.755859
123.046875, -166.259766, 1688.964844
52.246094, -130.615234, 1319.335938
-47.607422, -198.974609, 867.187500
-,-,-
188.476562, -179.443359, 454.101562
297.851562, -218.505859, 710.937500
243.164062, -331.787109, 902.343750
179.687500, -249.755859, 1238.281250
80.566406, -159.912109, 1368.164062
151.855469, -30.029297, 1758.789062
142.578125, 109.375000, 1999.755859
342.773438, 23.437500, 1833.984375
301.757812, 96.679688, 1629.882812
181.640625, -12.451172, 1424.804688
69.824219, -114.990234, 1059.082031
-230.224609, -452.392578, 627.929688
-,-,-
-43.701172, -237.548828, 207.519531
238.769531, -201.416016, 595.214844
272.460938, -318.603516, 737.304688
235.351562, -273.681641, 1050.781250
215.332031, -196.044922, 1291.015625
387.207031, -52.978516, 1683.593750
447.265625, 73.242188, 1863.281250
564.453125, 108.398438, 1941.894531
546.875000, 118.652344, 1609.863281
367.187500, -8.544922, 1378.417969
179.199219, -130.615234, 1175.781250
6.835938, -266.357422, 907.714844
-116.943359, -373.291016, 797.851562
-,-,-
205.078125, -169.189453, 446.289062
140.625000, -362.060547, 568.847656
134.277344, -289.794922, 744.140625
241.699219, -239.501953, 966.796875
230.468750, 9.765625, 1389.648438
349.609375, -11.474609, 1890.625000
414.062500, 91.796875, 1993.652344
518.066406, 149.902344, 1827.148438
267.578125, -63.232422, 1707.519531
171.386719, -121.826172, 1356.445312
16.113281, -314.697266, 1045.898438
-,-,-
48.828125, -285.888672, 345.703125
286.132812, -235.595703, 623.535156
223.632812, -322.021484, 736.328125
309.082031, -277.099609, 1017.578125
346.191406, 19.042969, 1483.398438
446.289062, 6.835938, 1826.171875
450.195312, 80.566406, 1999.755859
513.671875, 139.648438, 1925.292969
283.691406, -29.052734, 1573.242188
207.031250, -78.857422, 1273.925781
35.156250, -130.615234, 1076.171875
149.414062, -79.833984, 906.738281
-76.416016, -424.560547, 661.132812
-,-,-
101.074219, -279.052734, 395.996094
205.078125, -255.126953, 663.085938
243.652344, -265.380859, 630.859375
294.921875, -138.427734, 1201.171875
250.976562, -7.568359, 1565.429688
404.785156, -6.591797, 1999.755859
403.320312, 61.523438, 1999.755859
462.890625, 29.296875, 1999.755859
79.589844, -237.060547, 1423.339844
117.675781, -110.107422, 1051.757812
-111.083984, -261.474609, 658.203125
-,-,-
110.351562, -205.810547, 332.031250
209.472656, -239.501953, 486.328125
221.191406, -348.388672, 621.093750
134.765625, -430.419922, 931.152344
241.210938, -188.720703, 1266.601562
499.511719, 22.460938, 1603.027344
652.343750, 266.113281, 1999.755859
573.242188, 76.171875, 1999.755859
-5.615234, -253.662109, 1802.246094
-241.943359, -195.556641, 1224.121094
-302.490234, -323.486328, 435.058594
-,-,-
182.128906, -220.458984, 389.160156
190.429688, -210.693359, 483.398438
312.988281, -297.607422, 490.234375
244.140625, -286.376953, 669.921875
159.667969, -317.138672, 856.933594
290.527344, -43.701172, 1633.789062
264.160156, -19.287109, 1999.755859
414.550781, 148.437500, 1999.755859
527.343750, 124.023438, 1686.035156
319.335938, -53.955078, 1467.773438
81.542969, -217.041016, 1066.894531
47.363281, -156.005859, 782.226562
-259.033203, -323.974609, 531.250000
-261.962891, -278.076172, 304.687500
-,-,-
153.808594, -196.044922, 353.515625
209.472656, -251.708984, 524.414062
273.437500, -353.759766, 767.578125
30.273438, -398.193359, 1080.078125
242.675781, -156.982422, 1480.957031
179.199219, -35.400391, 1762.695312
319.335938, 138.183594, 1974.121094
300.781250, 55.664062, 1864.257812
215.332031, -6.591797, 1719.238281
134.277344, -57.373047, 1503.417969
145.507812, -57.373047, 1211.914062
102.539062, -55.419922, 858.886719
-146.240234, -251.220703, 482.421875
-,-,-
85.937500, -212.646484, 280.273438
246.093750, -222.412109, 528.320312
237.792969, -320.556641, 452.148438
150.390625, -291.748047, 826.171875
237.792969, -164.794922, 1123.535156
180.664062, -185.791016, 1717.773438
620.117188, 202.636719, 1999.755859
588.867188, 142.578125, 1999.755859
583.007812, 59.570312, 1724.609375
208.496094, -162.841797, 1318.359375
44.921875, -287.353516, 873.046875
-50.537109, -203.857422, 837.890625
-316.650391, -208.740234, 451.171875
-,-,-
186.523438, -206.787109, 375.000000
337.890625, -267.333984, 450.195312
387.207031, -213.623047, 566.406250
273.437500, -325.927734, 637.695312
126.464844, -272.705078, 1069.335938
137.207031, -140.380859, 1645.507812
146.484375, -7.568359, 1999.755859
269.042969, 266.113281, 1999.755859
426.757812, 146.484375, 1807.617188
380.371094, 19.042969, 1381.835938
300.781250, -74.951172, 1087.890625
96.679688, -240.966797, 821.289062
-140.380859, -309.326172, 654.296875
-252.685547, -302.490234, 432.617188
-298.583984, -231.201172, 380.859375
-,-,-
269.042969, -149.169922, 475.585938
197.753906, -317.138672, 575.195312
112.792969, -342.529297, 788.085938
136.718750, -285.400391, 983.398438
257.324219, 3.417969, 1364.257812
312.500000, -112.060547, 1746.093750
580.078125, 227.539062, 1999.755859
648.437500, 166.503906, 1999.755859
555.175781, 110.351562, 1737.792969
187.500000, -13.427734, 1140.136719
13.671875, -372.314453, 755.859375
-,-,-
100.097656, -83.740234, 882.324219
122.070312, -55.419922, 750.000000
128.417969, -227.294922, 648.925781
289.062500, -409.912109, 494.628906
303.710938, -333.251953, 312.011719
141.113281, -359.130859, 661.132812
101.074219, -352.783203, 1248.535156
353.027344, -142.333984, 1979.492188
414.550781, -3.173828, 1999.755859
526.367188, -71.533203, 1999.755859
368.652344, -162.841797, 1894.042969
161.132812, -176.513672, 1220.214844
-128.662109, -324.951172, 635.742188
-442.138672, -434.814453, 188.476562
-,-,-
334.472656, -158.935547, 452.148438
266.601562, -235.595703, 271.484375
267.089844, -298.583984, 288.574219
73.242188, -402.099609, 614.257812
23.925781, -466.552734, 1060.058594
294.921875, -163.818359, 1717.285156
666.503906, 16.601562, 1999.755859
710.937500, 60.546875, 1999.755859
694.335938, 125.000000, 1942.871094
459.472656, -175.537109, 1764.160156
264.648438, -161.865234, 1218.261719
-,-,-
235.839844, -229.248047, 472.656250
238.769531, -375.732422, 442.871094
250.488281, -389.892578, 520.996094
261.230469, -462.646484, 886.230469
289.062500, -166.748047, 1335.937500
431.152344, -106.201172, 1770.019531
333.007812, -103.271484, 1884.765625
446.289062, -52.001953, 1914.062500
477.050781, 54.687500, 1771.972656
458.496094, -238.525391, 1559.082031
326.171875, -147.216797, 1308.593750
-,-,-
243.652344, -237.060547, 349.609375
304.199219, -227.294922, 272.460938
407.226562, -286.376953, 446.289062
401.367188, -365.966797, 728.027344
262.207031, -379.638672, 1017.578125
177.246094, -162.841797, 1346.679688
118.652344, -144.287109, 1729.492188
576.660156, 152.832031, 1999.755859
652.832031, 103.027344, 1986.328125
520.507812, 2.441406, 1624.023438
460.937500, -96.435547, 1378.417969
261.230469, -178.466797, 1026.367188
-181.884766, -374.755859, 740.234375
-,-,-
144.531250, -189.208984, 232.910156
146.484375, -297.607422, 237.304688
156.250000, -371.337891, 424.804688
223.632812, -363.037109, 881.347656
360.351562, -129.638672, 1316.894531
614.746094, -15.380859, 1999.755859
823.242188, 120.117188, 1999.755859
625.000000, -29.052734, 1999.755859
438.476562, -82.763672, 1588.867188
207.519531, -150.146484, 1282.226562
54.687500, -270.751953, 845.703125
-,-,-
116.210938, -205.810547, 441.894531
248.046875, -318.603516, 326.171875
243.164062, -434.326172, 453.125000
327.636719, -340.087891, 712.890625
201.660156, -182.861328, 906.738281
202.148438, -89.599609, 1459.472656
195.800781, -97.900391, 1901.855469
312.500000, -51.025391, 1999.755859
478.027344, 120.605469, 1985.351562
396.484375, -57.373047, 1537.597656
422.363281, -37.353516, 1340.820312
520.507812, -283.447266, 1102.539062
-,-,-
273.925781, -162.841797, 406.250000
267.578125, -257.568359, 442.382812
342.773438, -321.533203, 566.406250
142.089844, -469.970703, 667.968750
150.878906, -232.177734, 867.187500
311.035156, -3.662109, 1414.062500
437.500000, -16.357422, 1999.755859
555.664062, -4.638672, 1999.755859
589.355469, 26.367188, 1999.755859
464.355469, -155.517578, 1650.390625
397.949219, -171.142578, 1279.296875
153.808594, -344.482422, 845.703125
-213.623047, -507.080078, 599.609375
-,-,-
346.679688, -248.779297, 422.851562
452.636719, -209.716797, 464.355469
272.949219, -409.912109, 472.656250
40.039062, -493.896484, 791.015625
5.371094, -232.666016, 972.656250
150.390625, -114.013672, 1501.464844
272.460938, 185.546875, 1825.195312
488.769531, 51.269531, 1999.755859
478.027344, 11.718750, 1951.171875
437.011719, -113.037109, 1619.140625
521.484375, -136.962891, 1430.175781
234.375000, -313.232422, 1000.976562
21.484375, -219.482422, 629.394531
-352.294922, -408.935547, 321.289062
-,-,-
62.011719, -320.556641, 395.507812
217.773438, -362.060547, 379.882812
296.386719, -347.412109, 537.109375
353.515625, -387.451172, 733.398438
381.347656, -138.427734, 995.117188
226.074219, -345.458984, 1496.582031
304.199219, -36.865234, 1989.257812
534.179688, 23.925781, 1999.755859
429.687500, 151.855469, 1574.707031
438.964844, 63.476562, 1449.218750
428.222656, -24.169922, 1413.085938
395.996094, -159.912109, 1103.515625
39.062500, -348.876953, 741.210938
-,-,-
254.394531, -283.935547, 331.054688
341.308594, -337.646484, 416.992188
380.859375, -319.091797, 683.593750
229.492188, -353.759766, 940.429688
250.488281, -203.857422, 1474.609375
79.589844, -162.841797, 1655.273438
165.527344, -40.771484, 1874.511719
382.324219, 377.929688, 1874.511719
288.085938, 26.367188, 1538.085938
392.089844, 17.089844, 1502.441406
356.933594, -173.583984, 1229.492188
27.832031, -415.771484, 983.398438
-203.369141, -335.205078, 611.328125
-,-,-
159.667969, -202.392578, 267.089844
80.078125, -316.162109, 244.140625
112.792969, -340.576172, 543.457031
170.898438, -428.466797, 984.863281
289.062500, -269.775391, 1429.199219
480.468750, -57.373047, 1961.914062
424.804688, -143.310547, 1999.755859
581.054688, 164.062500, 1877.929688
481.933594, 10.742188, 1511.230469
443.359375, -47.119141, 1338.867188
350.097656, -157.470703, 1250.976562
67.382812, -265.380859, 939.453125
-229.736328, -323.974609, 729.003906
-378.662109, -272.705078, 413.574219
-,-,-
250.488281, -265.380859, 390.136719
269.042969, -415.771484, 329.101562
318.359375, -342.529297, 535.156250
231.933594, -345.458984, 763.671875
263.183594, -162.841797, 1185.546875
457.519531, -18.798828, 1706.054688
603.515625, 48.339844, 1999.755859
525.878906, -10.498047, 1831.054688
476.074219, -30.029297, 1459.472656
501.464844, -88.134766, 1360.351562
534.667969, -15.869141, 1292.480469
134.277344, -309.814453, 1025.390625
-108.154297, -362.060547, 842.773438
-,-,-
133.789062, -257.080078, 133.789062
247.070312, -270.751953, 273.437500
310.058594, -376.708984, 612.304688
377.929688, -393.310547, 955.566406
498.046875, -188.720703, 1413.085938
429.199219, -127.685547, 1782.226562
436.035156, 61.523438, 1885.742188
599.609375, 207.031250, 1883.789062
383.789062, -37.353516, 1795.410156
330.078125, -14.404297, 1446.289062
278.320312, -56.396484, 1284.179688
-,-,-
149.414062, -233.154297, 277.832031
196.777344, -311.279297, 268.554688
204.101562, -405.029297, 462.890625
98.632812, -311.279297, 845.703125
304.687500, -167.236328, 1491.210938
441.894531, 71.289062, 1908.203125
427.246094, -288.330078, 1999.755859
843.261719, 122.558594, 1873.535156
580.078125, -59.326172, 1542.968750
322.753906, -112.060547, 1514.160156
-,-,-
237.792969, -115.478516, 248.046875
150.390625, -305.419922, 143.554688
249.023438, -376.708984, 216.308594
226.074219, -362.060547, 983.886719
396.972656, -89.599609, 1706.542969
600.585938, -1.708984, 1999.755859
665.039062, 48.339844, 1999.755859
664.062500, 74.218750, 1880.859375
249.023438, -223.388672, 1438.476562
151.855469, -170.166016, 1083.007812
-,-,-
134.277344, -264.404297, 126.464844
230.468750, -353.759766, 322.265625
157.226562, -507.080078, 1024.414062
496.582031, -58.349609, 1731.445312
555.664062, -115.478516, 1999.755859
495.605469, -150.634766, 1999.755859
348.632812, 32.714844, 1901.855469
-12.939453, -271.728516, 1436.523438
165.527344, -123.779297, 983.886719
-,-,-
263.671875, -316.162109, 329.589844
255.371094, -332.275391, 574.707031
499.023438, -431.396484, 1088.378906
489.257812, -243.896484, 1504.394531
570.312500, -223.388672, 1759.765625
733.398438, 63.476562, 1945.312500
691.894531, -93.505859, 1736.816406
407.714844, -224.365234, 1602.050781
308.593750, -131.591797, 1345.703125
-,-,-
242.187500, -180.908203, 557.617188
238.769531, -298.583984, 547.363281
200.195312, -173.095703, 580.078125
145.507812, -234.619141, 1253.906250
406.738281, -175.537109, 1785.156250
824.218750, 167.480469, 1999.755859
1012.695312, 219.238281, 1999.755859
549.804688, -85.205078, 1759.277344
-,-,-
327.148438, -209.716797, 444.335938
419.921875, -205.810547, 661.132812
227.539062, -344.482422, 1060.058594
437.500000, -253.662109, 1372.558594
414.550781, 48.339844, 1914.062500
384.765625, -175.537109, 1999.755859
562.500000, 194.335938, 1923.339844
523.925781, 68.359375, 1527.343750
254.394531, -104.248047, 1544.921875
-,-,-
211.914062, -109.130859, 575.683594
351.562500, -442.626953, 564.453125
319.335938, -373.291016, 592.773438
94.726562, -364.990234, 1016.113281
362.304688, 113.281250, 1531.738281
524.902344, 31.738281, 1999.755859
694.824219, 131.347656, 1902.343750
679.199219, 104.492188, 1469.726562
544.433594, 8.789062, 1592.773438
272.460938, -264.404297, 1277.832031
25.390625, -296.630859, 1037.597656
-,-,-
199.218750, -290.771484, 297.851562
330.078125, -284.912109, 541.503906
344.238281, -243.896484, 842.773438
301.757812, -230.224609, 1269.531250
232.910156, -94.482422, 1689.941406
421.875000, 23.437500, 1823.242188
607.910156, 215.332031, 1841.308594
577.636719, 84.960938, 1649.414062
648.437500, 108.398438, 1469.726562
279.785156, -226.318359, 1306.640625
190.917969, -208.740234, 1099.609375
-,-,-
236.328125, -288.818359, 343.750000
157.226562, -338.623047, 537.109375
250.488281, -325.927734, 775.878906
243.652344, -254.150391, 1109.375000
475.097656, -92.529297, 1651.367188
620.605469, -15.380859, 1999.755859
491.210938, 24.414062, 1999.755859
507.324219, 32.714844, 1171.875000
569.335938, -24.169922, 1553.710938
407.226562, -195.068359, 1143.066406
298.339844, -95.458984, 1055.664062
-,-,-
290.527344, -167.724609, 328.125000
261.230469, -291.748047, 475.585938
235.351562, -206.787109, 706.054688
92.285156, -353.759766, 965.820312
138.671875, -139.404297, 1400.390625
290.039062, -7.568359, 1679.687500
497.070312, -128.662109, 1999.755859
526.367188, -12.451172, 1517.089844
582.519531, 118.652344, 1240.722656
452.148438, -176.513672, 1452.636719
350.097656, -140.380859, 1105.468750
59.082031, -229.248047, 1057.128906
-333.251953, -274.169922, 731.445312
-,-,-
310.058594, -162.841797, 349.609375
186.035156, -411.865234, 621.093750
273.925781, -294.677734, 964.843750
89.355469, -418.212891, 1115.722656
149.414062, -154.541016, 1507.324219
193.359375, -119.873047, 1579.101562
312.500000, 243.164062, 1999.755859
466.308594, 271.972656, 1665.527344
524.902344, 161.132812, 1317.382812
481.445312, 59.570312, 1386.718750
498.535156, -234.619141, 1267.578125
-,-,-
256.835938, -210.693359, 321.289062
234.375000, -213.623047, 428.710938
248.535156, -285.400391, 969.726562
301.757812, -159.912109, 1356.445312
256.835938, -12.451172, 1565.429688
280.761719, 141.601562, 1686.035156
221.191406, 76.171875, 1749.023438
449.218750, 283.691406, 1560.058594
366.210938, 22.949219, 1415.039062
426.269531, 2.929688, 1480.957031
435.058594, 26.367188, 1297.363281
315.917969, -75.927734, 1145.996094
-,-,-
296.386719, -72.021484, 435.058594
360.351562, -231.201172, 631.835938
236.328125, -344.482422, 856.933594
261.718750, -238.525391, 1162.109375
313.476562, 46.875000, 1334.960938
92.773438, -140.869141, 1564.453125
319.824219, 190.429688, 1685.546875
352.050781, 124.023438, 1692.382812
371.582031, 110.351562, 1697.265625
360.351562, -41.748047, 1499.023438
357.910156, -37.841797, 1353.515625
-,-,-
138.183594, -208.740234, 474.121094
332.031250, -226.318359, 689.453125
306.640625, -242.919922, 863.281250
356.933594, -194.091797, 1223.144531
258.789062, -72.021484, 1500.976562
294.433594, -66.162109, 1671.875000
360.351562, 175.781250, 1500.976562
516.113281, 178.710938, 1406.738281
571.289062, 149.902344, 1548.828125
442.382812, -163.818359, 1555.175781
470.214844, -73.974609, 1298.828125
-,-,-
104.492188, -210.693359, 397.460938
129.882812, -329.833984, 594.726562
247.070312, -265.380859, 713.867188
415.039062, -176.513672, 1124.023438
396.972656, -96.435547, 1326.171875
450.195312, 0.000000, 1628.906250
518.066406, 302.246094, 1999.755859
485.839844, 81.542969, 1709.472656
442.382812, 89.843750, 1353.027344
532.714844, 29.296875, 1359.375000
525.878906, -173.583984, 1263.671875
275.390625, -194.091797, 1044.921875
-,-,-
312.500000, -59.326172, 519.042969
247.070312, -339.599609, 781.250000
259.765625, -244.873047, 704.589844
194.824219, -270.751953, 996.093750
90.332031, -107.177734, 1330.078125
379.394531, 32.714844, 1661.621094
448.730469, 57.617188, 1960.937500
420.898438, 23.437500, 1727.539062
373.046875, -45.166016, 1329.589844
436.035156, 9.765625, 1405.761719
414.062500, -99.853516, 1243.164062
168.945312, -230.224609, 1113.281250
-,-,-
297.363281, -180.419922, 409.667969
259.277344, -263.427734, 631.835938
247.558594, -294.677734, 765.625000
147.949219, -258.056641, 935.058594
201.171875, -147.705078, 1427.246094
349.609375, 80.566406, 1585.937500
574.218750, 87.890625, 1999.755859
617.187500, 254.394531, 1887.207031
729.492188, 124.023438, 1351.074219
606.445312, -4.638672, 1409.179688
457.031250, -71.533203, 1083.984375
255.371094, -165.283203, 870.117188
-,-,-
410.156250, -247.802734, 358.398438
328.613281, -277.099609, 580.078125
112.792969, -355.224609, 694.335938
212.890625, -160.888672, 1075.195312
58.105469, -119.873047, 1597.656250
129.882812, -232.177734, 1999.755859
269.042969, 20.996094, 1999.755859
375.488281, 51.269531, 1250.976562
311.035156, -13.427734, 1316.406250
470.214844, -0.244141, 1428.222656
683.593750, 46.386719, 1469.726562
11.230469, -370.361328, 1164.550781
-,-,-
114.257812, -88.623047, 820.312500
-3.173828, -337.158203, 708.496094
208.496094, -258.544922, 464.355469
-18.310547, -300.537109, 530.273438
200.195312, -41.259766, 938.476562
293.945312, 208.007812, 1420.898438
222.167969, 99.121094, 1598.632812
271.972656, 64.941406, 1827.148438
214.355469, -33.447266, 1696.289062
139.648438, -107.177734, 1181.640625
282.226562, -80.322266, 1207.031250
856.445312, 155.273438, 1389.648438
827.636719, 0.488281, 1681.640625
236.816406, -317.138672, 1203.125000
-169.189453, -381.591797, 740.234375
-357.666016, -259.521484, 310.058594
-,-,-
197.265625, -62.255859, 575.683594
210.937500, -140.380859, 629.882812
231.933594, -246.826172, 731.445312
54.687500, -147.216797, 916.015625
71.777344, -50.048828, 1090.332031
125.488281, 85.937500, 1716.796875
313.964844, -3.662109, 1843.261719
405.761719, -74.951172, 1543.945312
473.632812, -63.232422, 1240.234375
427.246094, -144.287109, 997.070312
613.281250, -42.724609, 1020.996094
600.097656, -82.275391, 1310.546875
581.054688, -121.826172, 1475.585938
1.464844, -394.287109, 1278.320312
-263.916016, -339.599609, 784.179688
-399.169922, -289.794922, 523.437500
-319.091797, -260.498047, 393.554688
-,-,-
148.925781, -206.787109, 517.089844
275.390625, -263.427734, 514.648438
320.800781, -322.021484, 714.843750
230.957031, -269.775391, 1139.648438
177.734375, -114.501953, 1443.359375
304.199219, 5.371094, 1997.558594
311.523438, -123.779297, 1999.755859
311.523438, 76.171875, 1149.414062
196.289062, 6.835938, 1023.437500
218.750000, -83.251953, 1001.953125
406.738281, 30.273438, 1104.492188
879.394531, 125.976562, 1595.703125
-,-,-
229.980469, 43.945312, 771.972656
203.613281, -91.552734, 716.796875
270.996094, -203.369141, 600.097656
308.105469, -346.435547, 491.699219
270.507812, -250.732422, 413.085938
57.617188, -190.185547, 870.117188
283.691406, -51.025391, 1487.304688
248.046875, 72.265625, 1894.531250
315.917969, 149.414062, 1695.312500
362.792969, 92.773438, 1633.300781
344.726562, -4.150391, 1435.546875
493.652344, -12.939453, 1489.257812
205.078125, -194.091797, 1491.210938
-,-,-
194.824219, -46.630859, 725.585938
241.210938, -172.607422, 713.867188
294.433594, -256.103516, 579.101562
373.535156, -235.595703, 604.492188
284.179688, -218.017578, 897.460938
53.710938, -194.091797, 1259.765625
144.042969, -63.720703, 1755.859375
253.906250, 217.285156, 1999.755859
348.144531, 32.714844, 1546.875000
545.898438, 163.085938, 1002.929688
532.714844, -57.373047, 1648.437500
851.562500, 158.203125, 1487.304688
85.937500, -382.568359, 1379.882812
-,-,-
269.042969, -184.814453, 477.539062
252.929688, -244.873047, 347.656250
342.773438, -148.193359, 529.296875
165.527344, -363.037109, 848.632812
229.980469, -131.591797, 1255.859375
280.761719, -62.255859, 1455.566406
266.601562, 44.921875, 1758.789062
348.144531, 50.781250, 1779.296875
468.750000, 101.562500, 1486.328125
516.601562, 65.917969, 1396.484375
595.214844, -19.775391, 1510.253906
374.023438, -154.541016, 1283.203125
19.042969, -239.990234, 927.734375
-,-,-
322.753906, -196.044922, 452.148438
318.359375, -281.005859, 647.949219
270.019531, -293.701172, 731.445312
165.527344, -302.001953, 971.679688
104.492188, -86.181641, 1221.191406
146.972656, -60.302734, 1576.171875
244.140625, 112.304688, 1667.480469
465.332031, 168.457031, 1540.039062
368.652344, 2.929688, 1488.281250
434.082031, -1.708984, 1415.039062
611.328125, 92.773438, 1497.070312
-,-,-
122.070312, -134.521484, 430.664062
289.062500, -141.357422, 492.675781
362.792969, -118.896484, 690.429688
292.480469, -258.544922, 992.675781
371.093750, -117.431641, 1237.304688
340.820312, -99.853516, 1305.664062
302.734375, 73.242188, 1574.218750
291.503906, -36.865234, 1605.468750
408.203125, 175.781250, 1606.933594
645.019531, 211.914062, 1507.812500
717.773438, 213.867188, 1631.835938
610.351562, 80.566406, 1435.546875
-,-,-
201.171875, -132.568359, 545.410156
424.316406, -144.287109, 539.062500
520.019531, -78.857422, 604.003906
401.367188, -280.029297, 911.621094
271.484375, -158.447266, 1166.015625
217.773438, -149.658203, 1605.468750
282.226562, 48.828125, 1814.941406
430.664062, 112.304688, 1675.781250
491.210938, 203.125000, 1391.601562
622.070312, 206.054688, 1476.562500
553.222656, 51.269531, 1434.570312
-,-,-
335.449219, -78.857422, 609.375000
281.250000, -144.287109, 639.648438
95.214844, -256.103516, 671.386719
91.796875, -264.892578, 1107.421875
357.421875, -97.900391, 1357.421875
426.757812, 122.070312, 1565.429688
421.386719, 133.300781, 1556.152344
252.929688, 155.273438, 1435.546875
265.625000, 13.671875, 1355.957031
330.078125, 4.882812, 1338.867188
680.664062, 184.082031, 1492.187500
710.937500, 125.976562, 1479.003906
179.199219, -164.794922, 1024.414062
-,-,-
148.925781, -163.818359, 552.734375
168.945312, -248.779297, 665.039062
294.921875, -175.537109, 757.812500
291.992188, -145.263672, 914.062500
169.921875, -189.208984, 1083.984375
204.101562, 32.714844, 1368.164062
177.246094, -52.978516, 1636.230469
372.070312, -7.568359, 1999.755859
596.191406, 127.929688, 1496.093750
559.082031, 92.773438, 1505.371094
698.730469, 3.417969, 1464.843750
486.328125, -130.615234, 1125.000000
187.988281, -227.294922, 878.417969
-211.181641, -398.193359, 643.554688
-,-,-
131.347656, -120.849609, 446.289062
238.281250, -199.462891, 508.789062
210.937500, -275.634766, 716.796875
171.875000, -333.740234, 800.781250
267.089844, -67.626953, 1227.539062
351.562500, 131.835938, 1455.566406
472.656250, 110.351562, 1860.351562
520.019531, 55.664062, 1948.730469
509.765625, 43.945312, 1668.945312
553.222656, -35.400391, 1404.785156
426.757812, -114.501953, 1544.921875
370.605469, -257.080078, 1114.746094
